# NaN NaN NaN ;Mean Elev.(m), Avg Gradient(m/km), RMS Gradient(m/km) - SRTM1     
#   -1.297  -0.904  15.144 ;Mean Elev.(m), Avg Gradient(m/km), RMS Gradient(m/km) - ASTER GDEM
#    6.132  -0.000   0.355 ;Mean Elev.(m), Avg Gradient(m/km), RMS Gradient(m/km) - GMTED2010 
  7 147.464765  70.142477    10.476    10.476  2 52459.07503285 47.572
 11 147.463605  70.151396     3.880     3.879  3 52599.07505151 35.017
 12 147.466845  70.138113     9.236     9.236  2 52634.07500546 16.229
 13 147.464473  70.145245     9.927     9.927  2 52669.07501713 13.771
 15 147.465021  70.148621     9.881     9.881  2 52739.07503706 11.752
 16 147.464366  70.151628     9.674     9.748  3 52774.07498703 10.481
 18 147.467268  70.136235     8.175     8.175  2 52844.07511835 51.178
 19 147.466778  70.143344    10.691    10.691  2 52879.07515516 19.718
 20 147.464618  70.149268     9.806     9.806  2 52914.07511214 22.177
 22 147.467322  70.138581     8.893     8.893  2 52984.07510182 18.729
 23 147.463866  70.149129     9.448     9.448  2 53019.07509204 17.560
 24 147.468310  70.134549     9.229     9.229  2 53054.07507844 15.826
 25 147.459180  70.154544     8.904     8.832  3 53089.07511254 12.431
 26 147.466668  70.136589     9.720     9.720  2 53124.07508554 13.296
 27 147.463854  70.143743    10.165    10.165  2 53159.07514325 29.351
 28 147.466119  70.142692    10.293    10.293  2 53194.07513836 33.652
 29 147.465138  70.143631    10.292    10.292  2 53229.07513105 24.390
 30 147.460287  70.155339     7.740     6.544  3 53264.07510102 27.592
 31 147.464909  70.143897     5.567     5.567  2 53299.07514631 35.567
 32 147.467342  70.146065     4.535     4.535  2 53334.07511669 19.703
 33 147.464238  70.154409     6.561     7.025  3 53369.07505670 16.702
 35 147.463295  70.152006     8.507     8.723  4 53439.07507644 13.334
 36 147.465500  70.141395     9.152     9.152  2 53474.07513762 10.863
 37 147.464946  70.143870     2.196     2.196  2 53509.07515806 27.405
 38 147.463747  70.147888     8.400     8.400  2 53544.07517068 45.849
 39 147.463733  70.150252     8.055     8.062  3 53579.07515090 49.924
 40 147.462044  70.155438    10.526    10.512  3 53614.07510366 24.732
 41 147.466731  70.136586     5.198     5.198  2 53649.07511297 40.599
 42 147.464196  70.149160     3.918     3.956  3 53684.07512526 29.205
 43 147.464764  70.151486     4.791     5.365  3 53719.07505165 24.502
 45 147.466093  70.144614     8.959     8.959  2 53789.07500513 13.215
 47 147.468157  70.143335     9.256     9.256  2 53859.07505369 11.481
 48 147.468269  70.140156    10.383    10.383  2 53894.07507050 42.173
 49 147.462934  70.149197     9.243     8.900  3 53929.07512508 26.624
 50 147.462716  70.152549     9.309     9.183  3 53964.07510498 24.985
 52 147.467256  70.138397     8.507     8.507  2 54034.07510584 21.602
 54 147.461930  70.154033     9.945    10.022  4 54104.07505401 12.688
 55 147.466190  70.138525     9.650     9.650  2 54139.07503027 12.730
 56 147.463760  70.150393    10.081    10.059  3 54174.07503339 10.235
 57 147.467061  70.139734     9.453     9.453  2 54209.07503626  9.540
 58 147.467624  70.144520     7.528     7.528  2 54244.07506652 45.374
 59 147.466084  70.143525     9.712     9.712  2 54279.07507915 42.402
 60 147.467380  70.146333     9.639     9.639  2 54314.07507855 25.933
 61 147.461664  70.150603    11.316    11.475  3 54349.07504799 25.162
 62 147.467225  70.139654     5.168     5.168  2 54384.07501773 42.636
 63 147.464011  70.150267     5.218     5.672  3 54419.07499761 21.767
 64 147.467126  70.133915     8.597     8.597  2 54454.07498960 13.011
 65 147.465117  70.145994     9.867     9.867  2 54489.07499743 10.350
 66 147.465955  70.138509     9.215     9.215  2 54524.07500189 10.200
 67 147.463712  70.149879     9.928    10.026  3 54559.07500614  7.918
 68 147.464010  70.142618    10.130    10.130  2 54594.07499711 10.395
 69 147.465063  70.145206    10.709    10.693  3 54629.07501132 30.245
 70 147.465852  70.144729    10.340    10.376  3 54664.07501841 42.639
 71 147.462781  70.150260     9.310     9.320  3 54699.07498975 44.439
 73 147.463860  70.145073     4.557     4.557  2 54769.07497070 30.121
 74 147.466740  70.138432     3.712     3.712  2 54804.07497135 26.282
 75 147.465563  70.144243     8.848     8.848  2 54839.07496459 15.835
 76 147.466095  70.140055     8.638     8.638  2 54874.07497096 14.291
 77 147.464839  70.154300     8.910     8.935  3 54909.07496953 13.504
 79 147.465314  70.145272     5.595     5.561  3 54979.07498973 34.911
 80 147.464804  70.144956    10.049    10.049  2 55014.07499467 24.253
 81 147.467050  70.144512    10.752    10.752  2 55049.07498797 18.932
 82 147.462688  70.153848     6.382     6.277  3 55084.07495512 30.211
 84 147.464627  70.148602     4.657     4.657  2 55154.07491517 21.459
 86 147.464792  70.147143     8.705     8.773  3 55224.07491483 14.534
 87 147.467681  70.143120     8.795     8.795  2 55259.07490515 11.636
 88 147.462272  70.150910     9.015     8.988  3 55294.07490094 10.741
 89 147.464805  70.144604    10.065    10.065  2 55329.07488726 10.917
 90 147.464931  70.148697     9.641     9.641  2 55364.07488136 31.218
 92 147.464811  70.143867    10.013    10.013  2 55434.07489828 20.458
 93 147.462428  70.154487     8.462     9.015  3 55469.07485234 26.619
