# NaN NaN NaN ;Mean Elev.(m), Avg Gradient(m/km), RMS Gradient(m/km) - SRTM1     
#   15.744   0.629   4.167 ;Mean Elev.(m), Avg Gradient(m/km), RMS Gradient(m/km) - ASTER GDEM
#   16.257  -0.549   2.577 ;Mean Elev.(m), Avg Gradient(m/km), RMS Gradient(m/km) - GMTED2010 
  7    22.077 52456.07140154 23.51 146.635955  68.511812 13.877
  7    22.958 52456.07140219 27.86 146.632075  68.508782 13.877
 11    14.473 52596.07141388 37.98 146.633017  68.514037 17.992
 11    14.668 52596.07141453 33.40 146.629137  68.511007 17.992
 11    14.817 52596.07141517 31.35 146.625257  68.507967 17.992
 23    21.231 53016.07146045 23.23 146.631983  68.513890  6.724
 23    21.013 53016.07146110 20.94 146.628093  68.510860  6.724
 23    20.301 53016.07146174 19.32 146.624213  68.507830  6.724
 25    18.560 53086.07147355 21.74 146.626039  68.514456  6.878
 25    22.538 53086.07147420 18.41 146.622159  68.511426  6.878
 25    21.830 53086.07147484 17.08 146.618279  68.508386  6.878
 30    18.895 53261.07146903 51.78 146.625668  68.514853 26.732
 30    18.949 53261.07146968 51.35 146.621788  68.511823 26.732
 30    18.957 53261.07147032 51.79 146.617908  68.508793 26.732
 33    21.635 53366.07142126 22.83 146.630685  68.513038  5.932
 33    20.810 53366.07142191 22.79 146.626805  68.510008  5.932
 33    20.115 53366.07142255 21.99 146.622925  68.506978  5.932
 35    20.721 53436.07143733 19.77 146.631977  68.512482  4.540
 35    20.240 53436.07143798 17.82 146.628097  68.509452  4.540
 37    14.030 53506.07152161 24.96 146.634436  68.510816 13.358
 37    24.068 53506.07152225 22.74 146.630556  68.507786 13.358
 38    24.072 53541.07152500 17.35 146.634962  68.510980 12.647
 38    23.735 53541.07152564 26.86 146.631082  68.507940 12.647
 39    20.345 53576.07151544 48.05 146.633051  68.515398 28.681
 39    20.368 53576.07151608 48.05 146.629161  68.512368 28.681
 39    20.404 53576.07151673 47.91 146.625281  68.509338 28.681
 40    22.452 53611.07146720 53.01 146.625023  68.514600 29.528
 40    22.628 53611.07146785 54.04 146.621143  68.511570 29.528
 40    22.600 53611.07146849 49.62 146.617263  68.508540 29.528
 42    15.271 53681.07148741 26.74 146.633689  68.514746 12.726
 42    15.316 53681.07148806 26.48 146.629799  68.511716 12.726
 42    15.396 53681.07148870 27.39 146.625919  68.508686 12.726
 43    23.463 53716.07141542 22.73 146.633211  68.513269  6.086
 43    21.989 53716.07141607 21.78 146.629331  68.510239  6.086
 43    20.700 53716.07141671 20.63 146.625451  68.507209  6.086
 46    24.378 53821.07132062 15.87 146.623398  68.513569  2.849
 46    24.456 53821.07132127 15.26 146.619518  68.510529  2.849
 46    23.870 53821.07132191 14.59 146.615638  68.507499  2.849
 49    24.504 53926.07148161 20.41 146.634913  68.513849 11.928
 49    24.064 53926.07148226 17.42 146.631033  68.510819 11.928
 49    23.669 53926.07148290 27.97 146.627143  68.507789 11.928
 50    21.600 53961.07146856 30.22 146.627039  68.513937 14.318
 50    21.444 53961.07146920 31.51 146.623149  68.510907 14.318
 50    21.491 53961.07146985 28.15 146.619269  68.507877 14.318
 54    24.251 54101.07141866 17.04 146.629900  68.514431  3.041
 54    24.417 54101.07141930 15.67 146.626020  68.511401  3.041
 54    23.955 54101.07141994 13.99 146.622140  68.508371  3.041
 61    24.649 54346.07141142 19.99 146.629447  68.513869 11.732
 61    24.387 54346.07141206 18.53 146.625567  68.510839 11.732
 61    23.522 54346.07141271 27.43 146.621687  68.507799 11.732
 63    15.373 54416.07136021 31.81 146.635191  68.513454 15.018
 63    15.352 54416.07136086 26.71 146.631306  68.510422  4.385
 63    15.463 54416.07136150 24.44 146.627426  68.507392  4.385
 67    23.943 54556.07136679 14.31 146.634004  68.514827  3.558
 67    23.854 54556.07136743 13.05 146.630124  68.511787  3.558
 67    23.486 54556.07136808 12.03 146.626244  68.508757  3.558
 71    22.189 54696.07135322 47.47 146.632640  68.512161 31.873
 71    22.238 54696.07135386 48.09 146.628760  68.509121 31.873
 77    23.250 54906.07133143 18.46 146.631515  68.516655  3.813
 77    22.744 54906.07133208 18.25 146.627635  68.513615  3.813
 77    22.590 54906.07133272 17.67 146.623755  68.510585  3.813
 77    20.876 54906.07133337 16.65 146.619875  68.507555  3.813
 80    20.524 55011.07135470 52.28 146.635268  68.511403 38.907
 80    20.554 55011.07135534 46.17 146.631388  68.508373 38.907
 82    18.193 55081.07131906 44.09 146.631259  68.514940 36.248
 82    18.152 55081.07131970 42.64 146.627379  68.511910 36.248
 82    18.211 55081.07132035 38.51 146.623499  68.508870 36.248
 84    15.115 55151.07127671 22.28 146.636898  68.512135  7.614
 84    20.438 55151.07127736 20.19 146.633018  68.509105  7.614
 86    20.994 55221.07127494 17.96 146.635622  68.512258  5.192
 86    22.075 55221.07127559 15.07 146.631732  68.509228  5.192
 88    23.883 55291.07126347 14.97 146.629614  68.514202  4.202
 88    24.105 55291.07126412 13.44 146.625734  68.511162  4.202
 88    23.910 55291.07126476 12.23 146.621854  68.508132  4.202
 90    21.202 55361.07124160 33.99 146.634402  68.511665 10.747
 90    21.453 55361.07124224 35.82 146.630522  68.508635 10.747
 93    24.596 55466.07121721 22.81 146.629238  68.514864  8.658
 93    24.348 55466.07121785 20.53 146.625358  68.511834  8.658
 93    18.393 55466.07121850 26.73 146.621478  68.508794  8.658
