# NaN NaN NaN ;Mean Elev.(m), Avg Gradient(m/km), RMS Gradient(m/km) - SRTM1     
#   20.598  -0.924   8.887 ;Mean Elev.(m), Avg Gradient(m/km), RMS Gradient(m/km) - ASTER GDEM
#   32.482  -0.955   6.972 ;Mean Elev.(m), Avg Gradient(m/km), RMS Gradient(m/km) - GMTED2010 
  7    30.651 52470.45476374 23.59 144.801569  67.816215 23.608
  7    32.410 52470.45476439 20.01 144.797899  67.819265 23.608
  7    33.038 52470.45476503 18.93 144.794229  67.822315 23.608
  8    25.089 52505.45474598 29.24 144.805732  67.816111 23.584
  8    29.766 52505.45474662 24.91 144.802072  67.819171 23.584
  8    29.947 52505.45474727 23.96 144.798402  67.822211 23.584
  9    27.346 52540.45472946 51.78 144.786158  67.818305 28.494
  9    27.499 52540.45473011 53.57 144.782488  67.821355 28.494
 10    25.103 52575.45477485 30.56 144.795961  67.815944 26.225
 10    29.669 52575.45477550 30.39 144.792291  67.818994 26.225
 10    31.879 52575.45477614 30.60 144.788621  67.822044 26.225
 11    25.209 52610.45473582 30.00 144.806405  67.816991 25.914
 11    25.016 52610.45473646 36.44 144.802735  67.820041 25.914
 12    31.080 52645.45472524 23.31 144.794697  67.816390  9.410
 12    31.514 52645.45472588 24.35 144.791027  67.819430  9.410
 12    31.997 52645.45472653 24.88 144.787347  67.822480  9.410
 13    31.119 52680.45469815 19.90 144.824831  67.809007  9.408
 13    30.540 52680.45469879 21.00 144.821161  67.812057  9.408
 13    31.766 52680.45469944 20.48 144.817501  67.815107  9.408
 13    31.723 52680.45470008 21.57 144.813831  67.818157  9.408
 13    32.746 52680.45470073 22.82 144.810161  67.821207  9.408
 15    32.177 52750.45477597 18.92 144.802551  67.816037  5.227
 15    32.645 52750.45477662 18.42 144.798881  67.819087  5.227
 15    32.333 52750.45477726 19.25 144.795211  67.822137  5.227
 18    28.092 52855.45484205 40.44 144.795779  67.816249 25.907
 18    28.048 52855.45484269 47.04 144.792109  67.819299 25.907
 18    28.196 52855.45484333 42.86 144.788439  67.822349 25.907
 19    27.449 52890.45487484 43.59 144.796009  67.816043 23.536
 19    27.519 52890.45487548 45.58 144.792339  67.819093 23.536
 19    27.469 52890.45487613 47.03 144.788669  67.822143 23.536
 20    25.310 52925.45482626 42.20 144.822110  67.810441 20.106
 20    25.338 52925.45482691 42.23 144.818450  67.813491 20.106
 20    25.634 52925.45482755 39.60 144.814780  67.816541 20.106
 20    25.805 52925.45482820 39.00 144.811110  67.819591 20.106
 21    25.128 52960.45479548 26.24 144.795381  67.816229  9.195
 21    25.211 52960.45479613 27.44 144.791701  67.819279  9.195
 21    25.250 52960.45479677 32.28 144.788031  67.822319  9.195
 22    30.991 52995.45483161 21.51 144.795237  67.817955  5.919
 22    24.441 52995.45483225 26.94 144.791567  67.821005  5.919
 23    31.483 53030.45479231 19.30 144.825645  67.808611  7.690
 23    30.985 53030.45479296 19.37 144.821975  67.811661  7.690
 23    32.354 53030.45479360 20.34 144.818315  67.814711  7.690
 23    32.908 53030.45479425 21.10 144.814645  67.817761  7.690
 23    33.298 53030.45479489 20.52 144.810975  67.820801  7.690
 24    32.733 53065.45480171 19.64 144.800120  67.817332  7.935
 24    32.949 53065.45480235 19.97 144.796450  67.820382  7.935
 25    31.323 53100.45480407 17.88 144.820591  67.808966 12.042
 25    32.530 53100.45480536 18.37 144.813261  67.815066 12.042
 25    33.010 53100.45480600 18.73 144.809591  67.818116 12.042
 25    33.265 53100.45480665 19.08 144.805931  67.821166 12.042
 28    31.918 53205.45486987 24.44 144.801024  67.815792 15.947
 28    32.113 53205.45487052 20.15 144.797354  67.818842 15.947
 28    32.757 53205.45487116 19.81 144.793684  67.821892 15.947
 29    27.038 53240.45483591 45.16 144.824444  67.808900 34.349
 29    27.133 53240.45483655 39.80 144.820774  67.811950 34.349
 29    27.237 53240.45483720 37.61 144.817104  67.815000 34.349
 29    27.191 53240.45483784 36.73 144.813444  67.818050 34.349
 29    27.268 53240.45483849 38.97 144.809774  67.821100 34.349
 31    30.208 53310.45485158 26.28 144.793720  67.816575 14.152
 31    31.665 53310.45485223 25.23 144.790050  67.819625 14.152
 31    31.994 53310.45485287 26.60 144.786380  67.822675 14.152
 32    31.673 53345.45481702 21.89 144.808686  67.815600 17.832
 32    32.895 53345.45481767 22.05 144.805016  67.818650 17.832
 32    32.824 53345.45481831 24.89 144.801346  67.821700 17.832
 34    32.459 53415.45479439 21.68 144.809705  67.815415 14.164
 34    32.873 53415.45479504 22.33 144.806035  67.818465 14.164
 34    33.079 53415.45479568 25.67 144.802365  67.821515 14.164
 36    32.018 53485.45487569 17.27 144.785909  67.818376  8.586
 36    32.353 53485.45487634 18.63 144.782239  67.821426  8.586
 37    27.663 53520.45486994 52.18 144.804831  67.816889 30.194
 37    27.576 53520.45487059 51.89 144.801161  67.819939 30.194
 39    30.101 53590.45483362 23.86 144.826348  67.810153 38.541
 39    30.376 53590.45483427 28.19 144.822678  67.813203 38.541
 39    30.371 53590.45483491 41.87 144.819011  67.816247 25.741
 39    30.346 53590.45483556 47.27 144.815341  67.819297 25.741
 41    25.683 53660.45484416 31.41 144.793141  67.815455 28.847
 41    25.795 53660.45484481 35.41 144.789471  67.818505 28.847
 41    25.801 53660.45484545 47.70 144.785801  67.821555 28.847
 42    28.693 53695.45481662 24.76 144.808709  67.816911  8.396
 42    29.026 53695.45481726 25.21 144.805039  67.819961  8.396
 43    31.380 53730.45473752 19.11 144.830403  67.809487  4.292
 43    30.693 53730.45473817 19.00 144.826733  67.812537  4.292
 43    30.305 53730.45473881 19.01 144.823069  67.815584  6.720
 43    30.137 53730.45473946 19.59 144.819399  67.818634  6.720
 45    31.258 53800.45470969 16.80 144.826523  67.809346  4.490
 45    31.007 53800.45471034 17.05 144.822863  67.812392  5.986
 45    30.601 53800.45471098 17.46 144.819193  67.815442  5.986
 45    32.841 53800.45471163 17.93 144.815523  67.818492  5.986
 47    24.609 53870.45477448 32.07 144.793040  67.818193 19.347
 47    24.690 53870.45477513 37.75 144.789370  67.821243 19.347
 48    27.827 53905.45480986 36.61 144.796350  67.816142 26.273
 48    27.333 53905.45481050 41.08 144.792680  67.819192 26.273
 48    27.395 53905.45481115 37.54 144.789010  67.822242 26.273
 49    27.866 53940.45484209 47.93 144.789152  67.817485 40.447
 49    28.003 53940.45484274 45.55 144.785482  67.820535 40.447
 50    31.741 53975.45479795 30.53 144.815364  67.812860 40.896
 50    31.672 53975.45479860 32.85 144.811694  67.815910 40.896
 50    31.635 53975.45479924 39.88 144.808034  67.818960 40.896
 52    32.305 54045.45481393 18.08 144.801171  67.817478  5.921
 52    32.521 54045.45481458 18.17 144.797491  67.820533  7.943
 53    31.854 54080.45480648 17.10 144.810732  67.815476  4.560
 53    32.553 54080.45480712 17.63 144.807062  67.818526  4.560
 53    32.854 54080.45480777 17.63 144.803397  67.821575  5.899
 54    31.208 54115.45473906 16.23 144.831127  67.807825  3.839
 54    30.825 54115.45473970 16.80 144.827457  67.810875  3.839
 54    29.797 54115.45474035 17.54 144.823797  67.813925  3.839
 54    29.638 54115.45474099 17.73 144.820127  67.816975  3.839
 54    32.100 54115.45474163 17.88 144.816457  67.820025  3.839
 56    31.391 54185.45473055 13.87 144.828171  67.808560  3.606
 56    30.961 54185.45473119 14.99 144.824501  67.811610  3.606
 56    32.171 54185.45473184 14.54 144.820841  67.814660  3.606
 56    33.064 54185.45473248 14.63 144.817171  67.817710  3.606
 56    33.234 54185.45473313 14.67 144.813501  67.820750  3.606
 57    32.225 54220.45476547 12.49 144.791606  67.817362  3.706
 57    32.478 54220.45476611 12.68 144.787936  67.820412  3.706
 58    31.191 54255.45478873 24.04 144.801267  67.816441 30.674
 58    33.203 54255.45478937 19.74 144.797597  67.819491 30.674
 58    34.038 54255.45479002 19.75 144.793927  67.822541 30.674
 59    30.149 54290.45479095 31.36 144.803295  67.817529 22.538
 59    30.322 54290.45479159 30.95 144.799625  67.820579 22.538
 60    29.491 54325.45478787 28.01 144.808632  67.814582 25.887
 60    33.255 54325.45478852 17.03 144.804962  67.817632 25.887
 60    33.808 54325.45478916 16.97 144.801292  67.820682 25.887
 61    27.658 54360.45473956 52.08 144.828582  67.810226 38.253
 61    27.788 54360.45474020 53.32 144.824912  67.813276 38.253
 61    27.729 54360.45474085 53.52 144.821252  67.816326 38.253
 61    27.730 54360.45474149 49.72 144.817582  67.819376 38.253
 62    30.426 54395.45472853 27.66 144.799082  67.816958 13.174
 62    30.696 54395.45472917 31.46 144.795412  67.820008 13.174
 62    25.816 54395.45472981 35.04 144.791742  67.823058 13.174
 63    30.949 54430.45468954 21.22 144.823084  67.809183  5.622
 63    30.918 54430.45469019 21.68 144.819424  67.812233  5.622
 63    29.835 54430.45469083 21.81 144.815754  67.815283  5.622
 63    30.575 54430.45469148 22.23 144.812084  67.818333  5.622
 63    32.302 54430.45469212 20.71 144.808414  67.821383  5.622
 64    30.767 54465.45470849 15.42 144.796667  67.815707  2.364
 64    31.456 54465.45470913 15.38 144.792997  67.818757  2.364
 64    32.011 54465.45470978 15.37 144.789317  67.821807  2.364
 65    30.311 54500.45470266 15.78 144.814643  67.813122  3.543
 65    32.306 54500.45470330 14.21 144.810983  67.816172  3.543
 65    32.702 54500.45470395 14.22 144.807313  67.819222  3.543
 66    30.701 54535.45472296 13.53 144.804885  67.815467  3.159
 66    32.479 54535.45472360 12.95 144.801215  67.818517  3.159
 66    32.579 54535.45472425 13.37 144.797545  67.821567  3.159
 67    31.293 54570.45470430 13.31 144.827477  67.808040  3.243
 67    31.200 54570.45470494 13.83 144.823817  67.811090  3.243
 67    30.292 54570.45470559 14.31 144.820147  67.814140  3.243
 67    30.480 54570.45470623 14.21 144.816477  67.817180  3.243
 67    31.403 54570.45470688 13.19 144.812817  67.820240  3.243
 68    27.267 54605.45471774 51.46 144.798160  67.817465 31.756
 68    26.932 54605.45471838 50.52 144.794480  67.820515 31.756
 69    32.867 54640.45472717 21.23 144.804187  67.817150 24.656
 69    32.841 54640.45472782 20.18 144.800517  67.820200 24.656
 70    28.038 54675.45472973 30.31 144.800171  67.817736 24.141
 70    28.008 54675.45473038 25.91 144.796501  67.820786 24.141
 71    28.473 54710.45468373 31.48 144.826502  67.808862 29.404
 71    28.246 54710.45468437 21.54 144.822832  67.811912 29.404
 71    28.262 54710.45468502 26.87 144.819162  67.814962 29.404
 71    28.493 54710.45468566 34.79 144.815492  67.818002 29.404
 71    28.544 54710.45468630 43.73 144.811832  67.821062 29.404
 72    27.778 54745.45469712 29.44 144.796475  67.817711 28.215
 72    26.819 54745.45469776 30.03 144.792805  67.820761 28.215
 73    28.412 54780.45466969 27.51 144.808691  67.815905  8.912
 73    29.084 54780.45467033 29.36 144.805021  67.818945  8.912
 73    30.693 54780.45467098 27.69 144.801351  67.821995  8.912
 74    30.033 54815.45469021 23.38 144.795328  67.816769  6.578
 74    31.220 54815.45469085 23.44 144.791648  67.819819  6.578
 74    31.964 54815.45469150 23.09 144.787978  67.822869  6.578
 75    28.945 54850.45466805 21.52 144.811999  67.815147  7.750
 75    31.142 54850.45466870 22.35 144.808339  67.818207  7.750
 75    31.425 54850.45466934 23.52 144.804669  67.821247  7.750
 76    30.464 54885.45469375 19.15 144.798224  67.816008  4.455
 76    31.117 54885.45469439 18.76 144.794554  67.819058  4.455
 76    31.920 54885.45469504 19.42 144.790884  67.822108  4.455
 77    29.702 54920.45466765 18.01 144.829554  67.807327  5.206
 77    30.807 54920.45466829 18.00 144.825894  67.810377  5.206
 77    30.000 54920.45466894 19.08 144.822224  67.813427  5.206
 77    29.334 54920.45466958 19.12 144.818554  67.816477  5.206
 77    31.134 54920.45467022 18.59 144.814894  67.819527  5.206
 78    31.116 54955.45468983  5.90 144.793605  67.817894  3.164
 78    29.904 54955.45469047  6.64 144.789925  67.820944  3.164
 79    32.861 54990.45471288 20.87 144.798130  67.816433 27.701
 79    32.914 54990.45471353 20.83 144.794460  67.819483 27.701
 79    33.512 54990.45471417 20.30 144.790790  67.822533 27.701
 80    28.306 55025.45470372 32.48 144.808729  67.816353 23.684
 80    28.173 55025.45470437 29.50 144.805059  67.819403 23.684
 81    28.721 55060.45469754 30.81 144.806036  67.814983 27.648
 81    28.901 55060.45469819 25.36 144.802366  67.818033 27.648
 81    28.927 55060.45469883 32.27 144.798696  67.821073 27.648
 82    31.214 55095.45464687 20.93 144.829336  67.808299 22.405
 82    26.814 55095.45464751 27.56 144.825676  67.811339 22.405
 82    26.815 55095.45464816 28.48 144.822006  67.814389 22.405
 82    26.959 55095.45464880 30.40 144.818336  67.817439 22.405
 82    27.073 55095.45464945 40.84 144.814666  67.820489 22.405
 83    29.201 55130.45463968 29.30 144.800669  67.815072 16.359
 83    25.723 55130.45464032 33.16 144.796999  67.818122 16.359
 83    25.730 55130.45464097 38.55 144.793329  67.821172 16.359
 84    32.311 55165.45461089 15.63 144.808488  67.817021  4.012
 84    32.533 55165.45461153 15.38 144.804828  67.820071  4.012
 85    30.892 55200.45463196 14.56 144.797064  67.816300  3.028
 85    32.367 55200.45463261 14.49 144.793394  67.819350  3.028
 85    32.329 55200.45463325 15.28 144.789714  67.822400  3.028
 86    31.296 55235.45461498 14.68 144.821325  67.809496  4.027
 86    30.594 55235.45461563 15.13 144.817655  67.812546  4.027
 86    30.712 55235.45461627 14.59 144.813985  67.815586  4.027
 86    32.612 55235.45461692 14.76 144.810325  67.818646  4.027
 86    32.887 55235.45461756 15.64 144.806655  67.821686  4.027
 87    32.503 55270.45462635 13.43 144.801592  67.816780  3.388
 87    32.726 55270.45462700 14.30 144.797922  67.819830  3.388
 88    31.376 55305.45459599 14.22 144.829074  67.808989  4.117
 88    31.005 55305.45459664 14.95 144.825404  67.812039  4.117
 88    30.260 55305.45459728 14.68 144.821734  67.815089  4.117
 88    32.390 55305.45459793 14.33 144.818074  67.818149  4.117
 88    33.105 55305.45459857 13.35 144.814404  67.821189  4.117
 89    30.105 55340.45459749 54.80 144.803564  67.815723 33.257
 89    30.041 55340.45459814 53.53 144.799894  67.818763 33.257
 89    30.155 55340.45459878 51.73 144.796214  67.821813 33.257
 90    31.679 55375.45458972 43.14 144.809075  67.815972 31.285
 90    31.584 55375.45459036 46.81 144.805405  67.819022 31.285
 90    31.543 55375.45459101 48.79 144.801735  67.822072 31.285
 91    28.374 55410.45461220 38.84 144.800435  67.815460 24.916
 91    27.659 55410.45461284 34.52 144.796765  67.818510 24.916
 91    27.753 55410.45461349 31.28 144.793095  67.821560 24.916
 92    33.127 55445.45460608 18.72 144.806279  67.816319 23.679
 92    33.412 55445.45460672 17.68 144.802609  67.819369 23.679
 93    25.773 55480.45453802 37.88 144.834410  67.807996 34.843
 93    25.733 55480.45453866 47.75 144.830740  67.811046 34.843
 93    25.692 55480.45453931 43.43 144.827080  67.814096 34.843
 93    26.014 55480.45453995 38.10 144.823410  67.817146 34.843
 93    25.952 55480.45454060 42.01 144.819740  67.820196 34.843
