# NaN NaN NaN ;Mean Elev.(m), Avg Gradient(m/km), RMS Gradient(m/km) - SRTM1     
#   15.744   0.629   4.167 ;Mean Elev.(m), Avg Gradient(m/km), RMS Gradient(m/km) - ASTER GDEM
#   16.257  -0.549   2.577 ;Mean Elev.(m), Avg Gradient(m/km), RMS Gradient(m/km) - GMTED2010 
  7 146.634015  68.510297    22.518    22.518  2 52456.07140187 26.208
 11 146.629137  68.511004    14.653    14.668  3 52596.07141453 35.156
 23 146.628096  68.510860    20.848    21.013  3 53016.07146110 21.462
 25 146.622159  68.511423    20.976    21.830  3 53086.07147420 19.537
 30 146.621788  68.511823    18.934    18.949  3 53261.07146968 51.645
 33 146.626805  68.510008    20.853    20.810  3 53366.07142191 22.554
 35 146.630037  68.510967    20.481    20.481  2 53436.07143766 18.904
 37 146.632496  68.509301    19.049    19.049  2 53506.07152193 23.990
 38 146.633022  68.509460    23.903    23.903  2 53541.07152532 24.311
 39 146.629164  68.512368    20.372    20.368  3 53576.07151608 48.004
 40 146.621143  68.511570    22.560    22.600  3 53611.07146785 52.594
 42 146.629802  68.511716    15.327    15.316  3 53681.07148806 26.887
 43 146.629331  68.510239    22.051    21.989  3 53716.07141607 21.797
 46 146.619518  68.510532    24.235    24.378  3 53821.07132127 15.271
 49 146.631030  68.510819    24.079    24.064  3 53926.07148226 24.215
 50 146.623152  68.510907    21.512    21.491  3 53961.07146920 30.172
 54 146.626020  68.511401    24.207    24.251  3 54101.07141930 15.742
 61 146.625567  68.510836    24.186    24.387  3 54346.07141206 23.829
 63 146.631308  68.510423    15.396    15.373  3 54416.07136086 28.777
 67 146.630124  68.511790    23.761    23.854  3 54556.07136743 13.230
 71 146.630700  68.510641    22.214    22.214  2 54696.07135354 47.791
 77 146.625695  68.512102    22.365    22.667  4 54906.07133240 17.812
 80 146.633328  68.509888    20.539    20.539  2 55011.07135502 50.221
 82 146.627379  68.511907    18.185    18.193  3 55081.07131970 42.314
 84 146.634958  68.510620    17.776    17.776  2 55151.07127704 21.360
 86 146.633677  68.510743    21.534    21.534  2 55221.07127527 16.751
 88 146.625734  68.511165    23.966    23.910  3 55291.07126412 13.692
 90 146.632462  68.510150    21.327    21.327  2 55361.07124192 35.001
 93 146.625358  68.511831    22.445    24.348  3 55466.07121785 24.121
