# NaN NaN NaN ;Mean Elev.(m), Avg Gradient(m/km), RMS Gradient(m/km) - SRTM1     
#   26.859   3.632  13.634 ;Mean Elev.(m), Avg Gradient(m/km), RMS Gradient(m/km) - ASTER GDEM
#   19.926   3.130  15.162 ;Mean Elev.(m), Avg Gradient(m/km), RMS Gradient(m/km) - GMTED2010 
  8    22.687 52483.44892285 21.22 146.090521  68.515794 13.784
  8    22.589 52483.44892350 32.71 146.086631  68.518824 13.784
 11    66.001 52588.44891234  6.51 146.097995  68.512510  9.146
 11    34.412 52588.44891363  8.93 146.090225  68.518570  9.146
 12    20.146 52623.44886446 13.81 146.104908  68.513814  7.212
 12    18.011 52623.44886574 18.23 146.097138  68.519884  7.212
 13    21.263 52658.44888229 16.93 146.095035  68.510548  5.129
 13    15.830 52658.44888294 18.60 146.091145  68.513578  5.129
 13    21.327 52658.44888358 16.96 146.087265  68.516608  5.129
 13    21.401 52658.44888423 19.22 146.083375  68.519638  5.129
 15    20.710 52728.44890252 12.92 146.094770  68.512536  4.390
 15    18.142 52728.44890316 12.54 146.090890  68.515566  4.390
 15    19.041 52728.44890380 13.08 146.087000  68.518596  4.390
 16    20.493 52763.44891460 11.21 146.102286  68.510742  5.345
 16    18.640 52763.44891525 11.59 146.098396  68.513782  5.345
 16    17.064 52763.44891589 12.16 146.094516  68.516812  5.345
 16    17.630 52763.44891654 12.38 146.090635  68.519843  2.763
 18    23.172 52833.44895966 23.32 146.080522  68.514309 12.360
 18    23.155 52833.44896030 22.45 146.076632  68.517339 12.360
 20    19.665 52903.44901463 23.31 146.098051  68.511932 12.424
 20    19.537 52903.44901527 31.46 146.094171  68.514972 12.424
 20    20.412 52903.44901592 32.26 146.090287  68.517998 15.845
 20    19.039 52903.44901656 35.46 146.086397  68.521028 15.845
 21    63.013 52938.44895123  9.90 146.111978  68.512735  5.958
 21    23.531 52938.44895188 11.98 146.108088  68.515765  5.958
 21    23.714 52938.44895252 12.96 146.104208  68.518795  5.958
 22    66.860 52973.44898782  7.94 146.082272  68.512949  6.002
 22    64.910 52973.44898847  6.45 146.078382  68.515979  6.002
 22    23.495 52973.44898911  9.63 146.074502  68.519009  6.002
 23    15.465 53008.44899679 23.25 146.082915  68.517330  5.376
 23    16.069 53008.44899744 21.06 146.079025  68.520370  5.376
 24    64.429 53043.44895438  9.70 146.071103  68.515555  5.485
 24    24.256 53043.44895502 11.54 146.067213  68.518585  5.485
 25    65.683 53078.44898676  3.20 146.091549  68.513462  4.992
 25    63.039 53078.44898740  3.34 146.087659  68.516502  4.992
 25    60.953 53078.44898805  1.85 146.083779  68.519532  4.992
 29    23.964 53218.44902447 16.91 146.094575  68.512451 15.002
 29    24.071 53218.44902511 18.13 146.090685  68.515481 15.002
 29    24.185 53218.44902575 20.58 146.086795  68.518511 15.002
 30    20.540 53253.44900164 40.76 146.105164  68.511841 21.799
 30    20.223 53253.44900229 47.97 146.101284  68.514871 21.799
 30    20.073 53253.44900293 40.61 146.097393  68.517903 14.264
 30    25.941 53253.44900358 31.37 146.093513  68.520933 14.264
 34    15.484 53393.44896086 21.33 146.074945  68.514345  5.422
 34    15.702 53393.44896151 20.69 146.071055  68.517375  5.422
 36    65.819 53463.44897488  4.84 146.080545  68.512686  5.474
 36    24.114 53463.44897553  6.50 146.076655  68.515716  5.474
 36    23.603 53463.44897617  7.53 146.072765  68.518756  5.474
 37    16.990 53498.44904444 13.28 146.082446  68.512721  4.665
 37    17.746 53498.44904509 15.03 146.078556  68.515751  4.665
 37    18.449 53498.44904573 13.16 146.074676  68.518791  4.665
 39    22.749 53568.44904420 20.86 146.093167  68.511165  9.836
 39    22.504 53568.44904484 20.30 146.089287  68.514195  9.836
 39    22.468 53568.44904549 20.05 146.085407  68.517225  9.836
 39    25.234 53568.44904613 21.16 146.081517  68.520255  9.836
 40    23.681 53603.44898972 38.24 146.109063  68.512329 15.069
 40    24.384 53603.44899036 33.35 146.105173  68.515359 15.069
 40    24.901 53603.44899101 38.25 146.101293  68.518389 15.069
 41    21.174 53638.44898928 43.39 146.074459  68.513805 17.884
 41    20.835 53638.44898992 45.28 146.070569  68.516835 17.884
 41    19.651 53638.44899057 43.27 146.066679  68.519865 17.884
 42    17.508 53673.44900914 28.21 146.084324  68.512641  6.939
 42    17.066 53673.44900978 27.61 146.080434  68.515671  6.939
 42    17.117 53673.44901043 25.15 146.076554  68.518701  6.939
 45    66.839 53778.44887802  7.64 146.097358  68.510891  5.986
 45    64.789 53778.44887866  7.80 146.093468  68.513921  5.986
 45    59.663 53778.44887930  9.91 146.089578  68.516951  5.986
 45    24.902 53778.44887995 10.03 146.085698  68.519981  5.986
 46    21.951 53813.44885279  9.50 146.113850  68.515147  4.350
 46    21.102 53813.44885344 11.11 146.109960  68.518177  4.350
 46    19.872 53813.44885408 13.30 146.106080  68.521217  4.350
 47    66.900 53848.44891086  1.16 146.075775  68.513685  4.973
 47    64.147 53848.44891151  1.84 146.071885  68.516715  4.973
 47    59.262 53848.44891215  5.49 146.067995  68.519745  4.973
 49    24.232 53918.44899197 21.65 146.082386  68.514067 13.740
 49    24.252 53918.44899261 24.26 146.078506  68.517097 13.740
 49    23.917 53918.44899325 31.41 146.074616  68.520127 13.740
 54    64.068 54093.44894579  6.99 146.108823  68.511487  4.967
 54    23.512 54093.44894643  8.90 146.104943  68.514517  4.967
 54    24.188 54093.44894772 11.64 146.097173  68.520587  4.967
 55    64.949 54128.44888552  8.74 146.075123  68.513697  5.685
 55    25.802 54128.44888681  8.88 146.067343  68.519757  5.685
 56    64.820 54163.44891626  9.26 146.095557  68.513197  3.795
 56    61.902 54163.44891690  8.91 146.091677  68.516227  3.795
 56    22.204 54163.44891755  9.91 146.087787  68.519257  3.795
 57    25.072 54198.44888790  6.65 146.079734  68.514085  4.135
 57    25.359 54198.44888855  6.02 146.075844  68.517115  4.135
 57    23.979 54198.44888919  9.53 146.071964  68.520145  4.135
 58    15.316 54233.44892998 24.78 146.089955  68.511760  8.101
 58    15.383 54233.44893063 20.51 146.086065  68.514800  8.101
 58    17.450 54233.44893127 13.73 146.082175  68.517830  8.101
 60    22.877 54303.44895241 43.63 146.095261  68.511621 12.514
 60    22.379 54303.44895306 42.26 146.091381  68.514661 12.514
 60    22.753 54303.44895370 38.30 146.087491  68.517691 12.514
 60    22.546 54303.44895435 36.05 146.083611  68.520721 12.514
 62    41.535 54373.44888636 17.00 146.085735  68.513193  7.591
 62    41.601 54373.44888701 20.59 146.081855  68.516223  7.591
 62    41.301 54373.44888765 22.08 146.077965  68.519253  7.591
 63    16.849 54408.44888344 30.81 146.093803  68.513414  9.165
 63    16.834 54408.44888408 28.98 146.089913  68.516444  9.165
 63    16.714 54408.44888472 27.40 146.086033  68.519474  9.165
 64    16.810 54443.44884819 18.26 146.072084  68.515414  4.820
 64    17.450 54443.44884884 18.01 146.068188  68.518449  3.592
 65    66.795 54478.44887251  3.41 146.095988  68.511255  5.106
 65    64.400 54478.44887316  4.18 146.092108  68.514295  5.106
 65    61.619 54478.44887380  5.35 146.088218  68.517325  5.106
 65    25.233 54478.44887445  5.33 146.084338  68.520355  5.106
 66    66.093 54513.44886297  0.35 146.075528  68.514897  4.490
 66    63.215 54513.44886361  1.86 146.071638  68.517927  4.490
 67    65.769 54548.44888618  1.43 146.101041  68.511727  4.055
 67    62.909 54548.44888682  3.30 146.097161  68.514767  4.055
 67    61.093 54548.44888747  3.46 146.093271  68.517797  4.055
 67    23.239 54548.44888811  5.69 146.089391  68.520827  4.055
 73    36.475 54758.44885455 13.62 146.093761  68.513407  8.393
 73    61.045 54758.44885519 10.24 146.089871  68.516437  8.393
 75    23.846 54828.44885270 12.15 146.093168  68.510653  7.516
 75    23.134 54828.44885335 10.40 146.089288  68.513683  7.516
 75    60.443 54828.44885399  9.10 146.085398  68.516713  7.516
 77    15.550 54898.44885241 15.01 146.097813  68.511422  3.466
 77    20.725 54898.44885306 15.92 146.093933  68.514462  3.466
 77    15.734 54898.44885370 16.46 146.090043  68.517492  3.466
 77    16.551 54898.44885435 16.75 146.086163  68.520522  3.466
 78    15.447 54933.44882015 15.92 146.083779  68.512665  3.689
 78    15.511 54933.44882080 15.90 146.079889  68.515695  3.689
 78    16.061 54933.44882144 16.20 146.075999  68.518725  3.689
 79    16.351 54968.44885393 32.22 146.093392  68.511700 10.837
 79    15.615 54968.44885458 30.98 146.089512  68.514740 10.837
 79    19.014 54968.44885522 22.62 146.085622  68.517770 10.837
 79    25.802 54968.44885587 22.07 146.081732  68.520800 10.837
 81    21.380 55038.44886083 42.87 146.093729  68.513428 19.028
 81    21.697 55038.44886147 43.38 146.089849  68.516458 19.028
 81    21.163 55038.44886212 43.11 146.085959  68.519488 19.028
 82    20.863 55073.44884529 36.02 146.103420  68.510894 15.444
 82    20.493 55073.44884594 39.60 146.099540  68.513924 15.444
 82    21.033 55073.44884658 44.65 146.095650  68.516954 15.444
 82    20.624 55073.44884723 44.99 146.091770  68.519994 15.444
 83    18.263 55108.44879351 29.46 146.079490  68.513472 14.600
 83    18.909 55108.44879416 39.00 146.075600  68.516502 14.600
 83    18.161 55108.44879480 44.16 146.071720  68.519532 14.600
 84    16.867 55143.44879703 22.03 146.096645  68.511538  5.744
 84    16.681 55143.44879767 22.47 146.092765  68.514578  5.744
 84    16.672 55143.44879832 22.87 146.088885  68.517608  5.744
 84    17.173 55143.44879896 21.36 146.084995  68.520638  5.744
 85    66.808 55178.44876695  2.05 146.072714  68.515149  5.891
 85    63.529 55178.44876760  5.13 146.068834  68.518179  5.891
 86    66.614 55213.44879201  3.43 146.093643  68.512938  5.972
 86    63.028 55213.44879266  7.22 146.089763  68.515968  5.972
 87    66.656 55248.44876658  1.03 146.081946  68.514458  5.250
 87    63.327 55248.44876723  3.82 146.078056  68.517488  5.250
 88    65.421 55283.44878560  3.27 146.098377  68.512274  5.788
 88    62.993 55283.44878625  3.96 146.094497  68.515314  5.788
 88    60.594 55283.44878689  4.47 146.090607  68.518344  5.788
 91    22.642 55388.44875688 30.07 146.077976  68.514149 16.838
 91    22.802 55388.44875753 30.69 146.074086  68.517179 16.838
 92    21.562 55423.44877614 28.15 146.094992  68.512548 16.589
 92    21.564 55423.44877679 38.26 146.091112  68.515578 16.589
 92    21.554 55423.44877743 44.73 146.087222  68.518608 16.589
