# NaN NaN NaN ;Mean Elev.(m), Avg Gradient(m/km), RMS Gradient(m/km) - SRTM1     
#   -1.297  -0.904  15.144 ;Mean Elev.(m), Avg Gradient(m/km), RMS Gradient(m/km) - ASTER GDEM
#    6.132  -0.000   0.355 ;Mean Elev.(m), Avg Gradient(m/km), RMS Gradient(m/km) - GMTED2010 
  7    10.465 52459.07503253 49.85 147.467000  70.143972 40.256
  7    10.486 52459.07503317 42.49 147.462530  70.140982 40.256
 11     3.920 52599.07505086 38.57 147.468088  70.154376 15.601
 11     3.879 52599.07505151 30.73 147.463598  70.151396 15.601
 11     3.840 52599.07505215 30.59 147.459128  70.148416 15.601
 12     9.957 52634.07500514 16.50 147.469085  70.139603  2.843
 12     8.516 52634.07500579 15.94 147.464605  70.136623  2.843
 13    10.079 52669.07501681 13.85 147.466713  70.146735  2.477
 13     9.775 52669.07501745 13.69 147.462233  70.143755  2.477
 15     9.897 52739.07503674 11.63 147.467261  70.150111  2.693
 15     9.864 52739.07503738 11.87 147.462781  70.147131  2.693
 16     9.452 52774.07498639 10.41 147.468839  70.154611  2.285
 16     9.748 52774.07498703 10.63 147.464369  70.151631  2.285
 16     9.822 52774.07498768 10.40 147.459889  70.148641  2.285
 18     8.189 52844.07511803 49.33 147.469508  70.137725 41.157
 18     8.161 52844.07511868 52.47 147.465028  70.134745 41.157
 19    10.984 52879.07515484 17.83 147.469018  70.144834 16.912
 19    10.397 52879.07515548 21.03 147.464538  70.141854 16.912
 20     9.738 52914.07511182 21.62 147.466858  70.150758 17.945
 20     9.873 52914.07511246 22.67 147.462378  70.147778 17.945
 22     9.935 52984.07510149 19.12 147.469562  70.140071  4.857
 22     7.850 52984.07510214 18.30 147.465082  70.137091  4.857
 23     9.245 53019.07509172 17.50 147.466106  70.150619  4.486
 23     9.652 53019.07509237 17.62 147.461626  70.147639  4.486
 24     9.558 53054.07507811 16.13 147.470550  70.136039  4.287
 24     8.901 53054.07507876 15.50 147.466070  70.133059  4.287
 25     8.521 53089.07511189 12.42 147.463667  70.157524  2.981
 25     8.832 53089.07511254 12.66 147.459177  70.154544  2.981
 25     9.359 53089.07511318 12.20 147.454697  70.151564  2.981
 26    10.073 53124.07508522 13.39 147.468908  70.138079  3.342
 26     9.366 53124.07508586 13.20 147.464428  70.135099  3.342
 27    10.209 53159.07514293 25.90 147.466094  70.145233 17.734
 27    10.122 53159.07514358 31.25 147.461614  70.142253 17.734
 28    10.348 53194.07513804 35.64 147.468359  70.144182 35.535
 28    10.239 53194.07513868 29.88 147.463879  70.141202 35.535
 29    10.274 53229.07513073 23.68 147.467373  70.145126 28.924
 29    10.310 53229.07513137 25.00 147.462903  70.142136 28.924
 30     6.544 53264.07510038 30.93 147.464767  70.158319 18.464
 30     6.487 53264.07510102 24.21 147.460287  70.155339 18.464
 30    10.189 53264.07510167 23.44 147.455807  70.152359 18.464
 31     5.588 53299.07514599 34.58 147.467149  70.145387 14.069
 31     5.547 53299.07514663 36.37 147.462669  70.142407 14.069
 32     5.286 53334.07511637 19.43 147.469582  70.147555  4.763
 32     3.784 53334.07511702 19.96 147.465102  70.144575  4.763
 33     7.025 53369.07505605 17.02 147.468718  70.157396  3.439
 33     7.187 53369.07505670 16.70 147.464238  70.154406  3.439
 33     5.472 53369.07505734 16.36 147.459758  70.151426  3.439
 35     8.660 53439.07507547 13.20 147.470013  70.156479  2.745
 35     8.786 53439.07507611 14.29 147.465533  70.153499  2.745
 35     9.492 53439.07507676 12.27 147.461053  70.150519  2.745
 35     7.089 53439.07507740 13.34 147.456583  70.147529  2.745
 36     9.261 53474.07513729 10.70 147.467740  70.142890  2.330
 36     9.042 53474.07513794 11.02 147.463260  70.139900  2.330
 37     2.133 53509.07515774 27.40 147.467186  70.145360 22.071
 37     2.260 53509.07515839 27.41 147.462706  70.142380 22.071
 38     8.404 53544.07517036 47.79 147.465987  70.149378 30.947
 38     8.397 53544.07517101 42.25 147.461507  70.146398 30.947
 39     8.026 53579.07515025 51.36 147.468213  70.153232 38.740
 39     8.077 53579.07515090 49.34 147.463733  70.150252 38.740
 39     8.062 53579.07515154 48.58 147.459253  70.147272 38.740
 40    11.278 53614.07510302 22.48 147.466524  70.158425 20.316
 40    10.512 53614.07510366 23.61 147.462044  70.155435 20.316
 40     9.789 53614.07510431 26.86 147.457564  70.152455 20.316
 41     5.201 53649.07511265 43.35 147.468971  70.138076 27.777
 41     5.194 53649.07511329 31.24 147.464491  70.135096 27.777
 42     3.956 53684.07512462 32.12 147.468676  70.152143 11.703
 42     3.957 53684.07512526 27.47 147.464196  70.149163 11.703
 42     3.841 53684.07512591 24.92 147.459716  70.146173 11.703
 43     3.173 53719.07505100 28.12 147.469244  70.154466  5.647
 43     5.365 53719.07505165 20.29 147.464764  70.151486  5.647
 43     5.836 53719.07505229 19.56 147.460284  70.148506  5.647
 45     9.193 53789.07500481 13.23 147.468333  70.146104  2.429
 45     8.724 53789.07500545 13.20 147.463853  70.143124  2.429
 47     9.523 53859.07505337 11.24 147.470397  70.144830  2.307
 47     8.989 53859.07505401 11.71 147.465917  70.141840  2.307
 48    10.592 53894.07507017 37.83 147.470509  70.141651 38.801
 48    10.174 53894.07507082 44.30 147.466029  70.138661 38.801
 49     8.900 53929.07512444 26.70 147.467414  70.152177 26.050
 49     8.747 53929.07512508 27.44 147.462934  70.149197 26.050
 49    10.082 53929.07512573 25.52 147.458454  70.146217 26.050
 50     9.183 53964.07510433 24.28 147.467196  70.155532 22.943
 50     8.974 53964.07510498 24.16 147.462716  70.152552 22.943
 50     9.769 53964.07510562 26.20 147.458236  70.149562 22.943
 52     8.848 54034.07510552 21.47 147.469496  70.139887  8.070
 52     8.166 54034.07510616 21.73 147.465016  70.136907  8.070
 54     9.695 54104.07505304 12.69 147.468649  70.158510  2.924
 54    10.013 54104.07505369 12.71 147.464170  70.155524  2.207
 54    10.032 54104.07505433 12.64 147.459690  70.152544  2.207
 54    10.039 54104.07505497 12.71 147.455210  70.149554  2.207
 55     9.943 54139.07502995 12.73 147.468430  70.140015  2.037
 55     9.356 54139.07503059 12.73 147.463950  70.137035  2.037
 56    10.166 54174.07503275 10.39 147.468240  70.153380  2.491
 56    10.059 54174.07503339 10.24 147.463760  70.150390  2.491
 56    10.019 54174.07503404 10.07 147.459280  70.147410  2.491
 57     9.489 54209.07503594  9.51 147.469301  70.141229  2.191
 57     9.417 54209.07503659  9.57 147.464821  70.138239  2.191
 58     7.465 54244.07506620 46.99 147.469864  70.146013 33.247
 58     7.590 54244.07506684 42.77 147.465383  70.143026 30.016
 59     9.643 54279.07507883 44.18 147.468324  70.145018 21.289
 59     9.781 54279.07507947 39.34 147.463845  70.142032 32.014
 60     8.400 54314.07507823 28.39 147.469620  70.147823 26.524
 60    10.877 54314.07507887 19.72 147.465140  70.144843 26.524
 61    11.967 54349.07504734 24.19 147.466141  70.153583 30.109
 61    11.475 54349.07504799 24.13 147.461661  70.150603 30.109
 61    10.507 54349.07504863 26.66 147.457191  70.147623 30.109
 62     5.147 54384.07501741 41.54 147.469465  70.141144 17.056
 62     5.189 54384.07501805 43.51 147.464985  70.138164 17.056
 63     5.728 54419.07499697 22.05 147.468491  70.153250  4.767
 63     5.672 54419.07499761 21.05 147.464011  70.150270  4.767
 63     4.255 54419.07499826 22.12 147.459531  70.147280  4.767
 64     8.872 54454.07498927 12.93 147.469366  70.135405  2.554
 64     8.321 54454.07498992 13.09 147.464886  70.132425  2.554
 65     9.806 54489.07499711 10.31 147.467357  70.147484  2.147
 65     9.927 54489.07499776 10.39 147.462877  70.144504  2.147
 66     9.478 54524.07500157 10.19 147.468195  70.139999  2.188
 66     8.952 54524.07500221 10.21 147.463715  70.137019  2.188
 67     9.687 54559.07500550  8.07 147.468192  70.152859  1.918
 67    10.072 54559.07500614  7.85 147.463712  70.149879  1.918
 67    10.026 54559.07500679  7.83 147.459232  70.146899  1.918
 68    10.159 54594.07499678 10.43 147.466250  70.144113  9.213
 68    10.102 54594.07499743 10.36 147.461770  70.141123  9.213
 69    10.621 54629.07501068 33.81 147.469543  70.148189 36.018
 69    10.693 54629.07501132 26.42 147.465063  70.145209 36.018
 69    10.812 54629.07501197 25.20 147.460583  70.142219 36.018
 70    10.399 54664.07501777 45.74 147.470332  70.147712 36.685
 70    10.376 54664.07501841 41.74 147.465852  70.144732 36.685
 70    10.246 54664.07501906 34.24 147.461372  70.141742 36.685
 71     9.334 54699.07498910 46.83 147.467261  70.153247 35.524
 71     9.320 54699.07498975 45.23 147.462781  70.150257 35.524
 71     9.276 54699.07499039 32.63 147.458301  70.147277 35.524
 73     4.577 54769.07497038 30.53 147.466100  70.146563  8.186
 73     4.536 54769.07497103 29.67 147.461620  70.143583  8.186
 74     3.773 54804.07497103 26.02 147.468980  70.139922  6.856
 74     3.652 54804.07497168 26.53 147.464500  70.136942  6.856
 75     8.836 54839.07496427 16.18 147.467803  70.145733  2.528
 75     8.859 54839.07496492 15.46 147.463323  70.142753  2.528
 76     8.789 54874.07497064 14.38 147.468335  70.141545  2.525
 76     8.488 54874.07497129 14.20 147.463855  70.138565  2.525
 77     8.331 54909.07496888 13.58 147.469319  70.157287  2.586
 77     8.935 54909.07496953 13.48 147.464839  70.154297  2.586
 77     9.464 54909.07497017 13.45 147.460359  70.151317  2.586
 79     5.561 54979.07498909 35.32 147.469794  70.148255 23.440
 79     5.682 54979.07498973 33.62 147.465314  70.145275 23.440
 79     5.542 54979.07499038 35.55 147.460834  70.142285 23.440
 80     9.864 55014.07499435 24.58 147.467044  70.146446 27.214
 80    10.235 55014.07499499 23.90 147.462564  70.143466 27.214
 81    11.137 55049.07498765 18.68 147.469290  70.146002 19.122
 81    10.368 55049.07498829 19.17 147.464810  70.143022 19.122
 82     6.053 55084.07495447 30.17 147.467165  70.156831 26.473
 82     6.818 55084.07495512 27.01 147.462685  70.153851 26.473
 82     6.277 55084.07495576 32.06 147.458215  70.150861 26.473
 84     5.543 55154.07491485 20.40 147.466867  70.150092  4.766
 84     3.770 55154.07491549 22.31 147.462387  70.147112  4.766
 86     8.782 55224.07491419 15.31 147.469272  70.150123  2.735
 86     8.773 55224.07491483 13.84 147.464792  70.147143  2.735
 86     8.559 55224.07491548 14.32 147.460312  70.144163  2.735
 87     8.936 55259.07490483 11.55 147.469921  70.144610  2.469
 87     8.654 55259.07490547 11.72 147.465441  70.141630  2.469
 88     8.841 55294.07490029 10.79 147.466752  70.153897  2.228
 88     9.217 55294.07490094 10.62 147.462272  70.150907  2.228
 88     8.988 55294.07490158 10.81 147.457792  70.147927  2.228
 89    10.289 55329.07488694 12.15 147.467045  70.146094  6.550
 89     9.841 55329.07488758  9.19 147.462565  70.143114  6.550
 90     9.393 55364.07488104 33.43 147.467171  70.150187 30.080
 90     9.888 55364.07488169 26.48 147.462691  70.147207 30.080
 92    10.380 55434.07489795 18.42 147.467051  70.145357 19.959
 92     9.645 55434.07489860 21.84 147.462571  70.142377 19.959
 93     6.546 55469.07485170 27.77 147.466908  70.157470 21.074
 93     9.015 55469.07485234 24.40 147.462428  70.154490 21.074
 93     9.824 55469.07485299 27.02 147.457948  70.151500 21.074
