# NaN NaN NaN ;Mean Elev.(m), Avg Gradient(m/km), RMS Gradient(m/km) - SRTM1     
#  -11.816  -6.882  23.918 ;Mean Elev.(m), Avg Gradient(m/km), RMS Gradient(m/km) - ASTER GDEM
#    3.867  -7.309  20.600 ;Mean Elev.(m), Avg Gradient(m/km), RMS Gradient(m/km) - GMTED2010 
 10 148.748526  70.677858     3.547     3.547  2 52576.43343187 28.867
 11 148.747560  70.687252     6.875     6.846  4 52611.43339602 12.981
 12 148.748862  70.677736     7.003     7.003  2 52646.43338100  8.511
 13 148.744611  70.695603     5.218     5.110  4 52681.43335577  9.501
 15 148.746310  70.685193     5.674     4.999  3 52751.43343544  6.230
 18 148.749603  70.676745     6.830     6.830  2 52856.43349900 18.516
 19 148.749489  70.678263    50.143    50.143  2 52891.43353174 15.512
 20 148.746637  70.694208     4.813     4.294  5 52926.43348702 27.409
 23 148.747400  70.693514     5.838     5.933  6 53031.43345609 11.153
 28 148.749600  70.681465     6.811     6.905  3 53206.43352866 26.724
 29 148.749062  70.690925     5.897     6.035  5 53241.43349804 23.928
 31 148.750227  70.676765     5.686     5.686  2 53311.43350643 17.806
 32 148.747004  70.687764     6.283     4.985  4 53346.43347431 12.091
 34 148.742951  70.690763     5.760     5.760  2 53416.43345303  9.601
 38 148.748988  70.678966     6.323     6.323  2 53556.43355103 22.307
 42 148.748152  70.688751     8.148     8.514  4 53696.43347329 14.198
 44 148.748187  70.680771     7.559     7.541  3 53766.43336658  8.259
 45 148.745267  70.696169     6.385     6.206  6 53801.43337131  7.208
 47 148.747506  70.679148     5.825     5.825  2 53871.43343156 10.540
 50 148.747591  70.690951     7.805     7.855  4 53976.43345637 19.532
 54 148.745393  70.699031     5.576     5.593  7 54116.43339981  8.299
 58 148.746214  70.684108    26.906    26.906  2 54256.43344746 21.769
 59 148.749076  70.683414     5.162     5.240  3 54291.43344899 30.319
 60 148.748263  70.686789    20.223     6.194  3 54326.43344689 30.031
 63 148.746825  70.693678     6.212     6.250  6 54431.43334927 15.152
 65 148.747827  70.689883     6.305     6.354  4 54501.43336216  7.637
 66 148.746422  70.685734     6.395     5.755  3 54536.43338264  7.469
 67 148.754078  70.690370     6.097     6.177  3 54571.43336432  5.831
 69 148.751248  70.683516     7.979     8.046  3 54641.43338517 19.853
 71 148.747291  70.695627     4.743     4.748  6 54711.43334466 27.241
 72 148.748527  70.679416     6.670     6.798  3 54746.43335460 21.609
 73 148.749776  70.686334     6.082     5.978  4 54781.43332818 19.391
 74 148.746836  70.679545     7.483     7.483  2 54816.43334772 14.275
 75 148.743158  70.692208     5.558     5.558  2 54851.43332744 13.050
 76 148.748508  70.680224     6.390     6.001  3 54886.43335182 10.932
 77 148.747230  70.696613     5.260     5.352  6 54921.43332909  8.801
 78 148.748195  70.677670     3.886     3.886  2 54956.43334748 28.768
 79 148.749001  70.680350    72.584    72.627  3 54991.43337104  6.346
 80 148.749216  70.686848     6.193     6.256  4 55026.43336297 27.506
 81 148.747630  70.684896     5.664     5.284  3 55061.43335603 27.391
 82 148.746049  70.698130     5.522     5.583  6 55096.43330786 24.414
 83 148.749490  70.679428     3.822     3.822  2 55131.43329764 21.657
 84 148.748029  70.688967     5.892     5.722  4 55166.43326830 10.315
 85 148.749002  70.678927     4.744     4.744  2 55201.43328974  7.257
 86 148.748691  70.690834     5.998     6.180  5 55236.43327507  7.038
 87 148.747320  70.684129     5.789     5.804  3 55271.43328500  6.322
 88 148.746957  70.697061     4.698     4.651  7 55306.43325805  5.603
 89 148.747377  70.683782    63.097    63.097  2 55341.43325544  5.510
 91 148.748128  70.680287    12.400    12.400  2 55411.43327091 21.045
 93 148.745679  70.701383     5.989     6.044  8 55481.43319904 30.986
