-102768.344   141.930     0.00   17.19
-102400.642   125.161   -45.60   20.63
-102032.853   108.789   -44.51   23.84
-101664.977    89.758   -51.73   22.02
-101297.015    74.233   -42.19   17.63
-100928.966    64.767   -25.72   11.93
-100560.830    60.225   -12.34    7.74
-100192.607    61.926     4.62    9.35
 -99824.297    67.033    13.87   10.79
 -99455.901    73.800    18.37   11.75
 -99087.416    80.189    17.34   14.17
 -98718.845    85.837    15.32   19.06
 -98350.187    90.440    12.48   22.26
 -97981.441    92.893     6.65   22.42
 -97612.608    94.377     4.02   22.20
 -97243.687    93.900    -1.29   22.51
 -96874.679    92.271    -4.41   20.43
 -96505.583    91.800    -1.28   19.74
 -96136.400    91.153    -1.75   17.27
 -95767.129    92.479     3.59   16.96
 -95397.771    93.366     2.40   16.68
 -95028.324    93.737     1.00   13.68
 -94658.790    94.510     2.09   11.03
 -94289.167    97.152     7.15   10.45
 -93919.457   100.980    10.35   10.38
 -93549.659   107.201    16.82   13.91
 -93179.772   117.323    27.36   19.30
 -92809.798   122.967    15.25   19.95
 -92439.735   127.745    12.91   17.46
 -92069.584   129.569     4.93   14.62
 -91699.344   129.545    -0.06   11.47
 -91329.016   130.926     3.73    9.57
 -90958.600   135.826    13.23    7.52
 -90588.095   141.764    16.03    8.34
 -90217.501   148.261    17.53    9.78
 -89846.819   156.061    21.04   13.02
 -89476.048   162.915    18.49   13.92
 -89105.188   170.345    20.03   14.91
 -88734.240   175.143    12.93   14.90
 -88363.202   179.681    12.23   16.44
 -87992.075   187.821    21.93   20.62
 -87620.860   197.724    26.68   25.78
 -87249.555   210.522    34.47   27.78
 -86878.161   223.124    33.93   29.64
 -86506.678   241.066    48.29   27.13
 -86135.105   257.470    44.15   29.41
 -85763.443   272.638    40.81   24.18
 -85391.692   282.070    25.37   17.24
 -85019.851   284.575     6.74   16.94
 -84647.921   282.643    -5.19   16.63
 -84275.900   281.197    -3.89   13.42
 -83903.791   278.855    -6.29   11.30
 -83531.591   272.106   -18.13   18.04
 -83159.302   258.948   -35.34   25.81
 -82786.923   237.096   -58.68   26.72
 -82414.453   219.455   -47.36   21.57
 -82041.894   204.458   -40.25   15.93
 -81669.245   195.395   -24.32   11.77
 -81296.505   191.143   -11.41   10.62
 -80923.676   191.539     1.06   12.01
 -80550.756   193.299     4.72   13.00
 -80177.745   193.272    -0.07   11.11
 -79804.645   192.715    -1.49    9.54
 -79431.453   196.343     9.72   11.12
 -79058.172   206.258    26.56   15.85
 -78684.799   219.797    36.26   16.43
 -78311.336   228.830    24.19   13.41
 -77937.783   232.040     8.59   15.23
 -77564.138   230.097    -5.20   20.86
 -77190.403   230.899     2.15   22.73
 -76816.576   236.569    15.17   23.69
 -76442.659   251.728    40.54   26.99
 -76068.650   273.114    57.18   30.57
 -75694.551   294.491    57.14   29.91
 -75320.360   298.832    11.60   34.11
 -74946.078   277.782   -56.24   49.06
 -74571.705   244.656   -88.48   50.05
 -74197.240   208.809   -95.73   32.89
 -73822.684   187.739   -56.25   18.87
 -73448.036   174.367   -35.69   17.23
 -73073.297   165.294   -24.21   17.43
 -72698.466   156.624   -23.13   15.91
 -72323.543   154.500    -5.67   14.52
 -71948.529   157.987     9.30   15.60
 -71573.422   168.409    27.78   19.15
 -71198.224   180.997    33.55   18.82
 -70822.934   187.836    18.22   14.56
 -70447.551   183.098   -12.62   19.60
 -70072.077   168.152   -39.80   26.32
 -69696.510   146.998   -56.32   26.20
 -69320.851   127.826   -51.04   21.20
 -68945.100   110.372   -46.45   17.85
 -68569.257    96.579   -36.70   13.59
 -68193.320    85.296   -30.01   11.55
 -67817.292    77.660   -20.30    8.43
 -67441.171    74.693    -7.89    6.21
 -67064.957    78.332     9.67   10.40
 -66688.650    81.766     9.12   10.30
 -66312.251    80.426    -3.56   11.41
 -65935.758    73.499   -18.40   13.98
 -65559.173    59.633   -36.82   18.36
 -65182.495    42.993   -44.17   18.27
 -64805.723    30.735   -32.53   14.08
 -64428.859    26.143   -12.19    9.25
 -64051.901    28.943     7.43   11.61
 -63674.850    35.651    17.79   12.05
 -63297.706    43.208    20.03    9.70
 -62920.468    49.187    15.85    9.23
 -62543.137    55.307    16.22   10.44
 -62165.712    66.719    30.24   16.37
 -61788.194    81.958    40.36   19.13
 -61410.582   102.251    53.74   21.44
 -61032.876   115.770    35.79   15.85
 -60655.076   122.488    17.78    9.65
 -60277.182   121.788    -1.85   10.54
 -59899.195   116.735   -13.37   10.03
 -59521.113   114.839    -5.02    8.61
 -59142.938   116.919     5.50    8.62
 -58764.668   118.718     4.76    9.84
 -58386.304   123.797    13.42   16.24
 -58007.845   128.500    12.43   18.83
 -57629.292   134.021    14.59   19.19
 -57250.645   138.508    11.85   15.68
 -56871.903   136.890    -4.27   13.39
 -56493.067   124.696   -32.19   19.10
 -56114.136   107.705   -44.84   22.36
 -55735.110    90.671   -44.94   17.03
 -55355.989    81.464   -24.28   11.57
 -54976.774    77.172   -11.32   10.04
 -54597.463    77.919     1.97   10.25
 -54218.058    81.208     8.67    9.76
 -53838.558    87.553    16.72   12.69
 -53458.962    97.846    27.12   15.82
 -53079.271   110.476    33.26   14.87
 -52699.485   123.497    34.29   16.89
 -52319.603   131.746    21.71   16.54
 -51939.626   132.701     2.51   18.74
 -51559.554   125.224   -19.67   23.42
 -51179.385   113.967   -29.61   22.82
 -50799.122   102.900   -29.10   16.23
 -50418.762    96.080   -17.93   11.95
 -50038.307    89.198   -18.09    9.57
 -49657.756    85.479    -9.77    9.13
 -49277.109    81.758    -9.77    6.29
 -48896.366    79.678    -5.46    5.69
 -48515.526    76.451    -8.47    7.83
 -48134.591    68.788   -20.12   11.91
 -47753.559    60.395   -22.03   12.24
 -47372.432    48.821   -30.37   12.67
 -46991.207    37.719   -29.12   14.51
 -46609.887    25.953   -30.85   14.12
 -46228.469    18.410   -19.78   10.09
 -45846.956    19.809     3.67   11.66
 -45465.345    27.973    21.39   15.65
 -45083.638    40.245    32.15   12.34
 -44701.834    45.753    14.43    9.45
 -44319.933    46.307     1.45   10.38
 -43937.935    44.859    -3.79   10.26
 -43555.840    45.133     0.72    9.92
 -43182.564    52.939    20.91   17.87
 -42818.607    61.115    22.47   22.75
 -42454.564    75.537    39.61   26.75
 -42090.435    86.417    29.88   27.56
 -41726.220    94.968    23.48   24.26
 -41361.919   105.116    27.85   22.08
 -40997.532   114.479    25.69   21.71
 -40633.058   126.860    33.97   18.05
 -40268.498   135.381    23.37   13.92
 -39903.852   137.521     5.87   12.44
 -39539.119   130.553   -19.10   17.92
 -39174.300   115.413   -41.50   24.50
 -38809.395    95.287   -55.15   23.08
 -38444.402    78.010   -47.34   17.98
 -38079.323    67.401   -29.06   11.18
 -37714.158    63.521   -10.63   11.29
 -37348.905    61.178    -6.41   14.27
 -36983.566    58.432    -7.52   16.01
 -36618.140    55.098    -9.12   14.47
 -36252.627    51.633    -9.48   11.34
 -35887.026    51.863     0.63   10.15
 -35521.339    56.499    12.68   11.67
 -35155.565    62.330    15.94   11.63
 -34789.703    70.616    22.65   11.97
 -34423.754    77.187    17.95   11.20
 -34057.717    84.812    20.83   11.10
 -33691.594    91.064    17.07   12.31
 -33325.382    95.400    11.84   13.53
 -32959.084    98.863     9.46   16.49
 -32592.697   100.939     5.66   18.71
 -32226.223   106.161    14.25   18.10
 -31859.661   110.709    12.41   15.38
 -31493.012   117.419    18.30   14.00
 -31126.274   129.647    33.34   15.96
 -30759.449   145.089    42.10   23.60
 -30392.536   168.670    64.27   33.16
 -30025.534   197.886    79.61   40.64
 -29658.445   225.944    76.43   39.03
 -29291.267   248.332    60.97   26.03
 -28924.001   254.730    17.42   17.67
 -28556.647   247.711   -19.11   21.13
 -28189.205   230.528   -46.76   25.23
 -27821.674   216.116   -39.21   21.75
 -27454.054   211.861   -11.57   22.65
 -27086.346   216.081    11.48   25.22
 -26718.550   220.528    12.09   21.43
 -26350.665   208.576   -32.49   26.94
 -25982.691   188.062   -55.75   32.08
 -25614.628   161.152   -73.11   27.77
 -25246.476   147.018   -38.39   19.76
 -24878.236   141.311   -15.50   20.40
 -24509.906   143.625     6.28   22.98
 -24141.487   145.152     4.14   20.17
 -23772.980   136.530   -23.40   24.02
 -23404.383   119.992   -44.87   27.12
 -23035.696   104.676   -41.54   20.62
 -22666.921   103.212    -3.97   17.48
 -22298.056   115.258    32.66   25.46
 -21929.102   137.214    59.51   25.83
 -21560.058   152.748    42.09   19.57
 -21190.924   158.335    15.14   12.99
 -20821.701   144.133   -38.46   26.12
 -20452.389   121.758   -60.58   31.54
 -20082.986   101.776   -54.09   22.72
 -19713.494    93.019   -23.70   12.87
 -19343.911    92.268    -2.03    9.77
 -18974.239    95.546     8.87   10.18
 -18604.477    97.133     4.29   10.63
 -18234.624   100.240     8.40   12.18
 -17864.682   109.748    25.70   16.70
 -17494.649   123.547    37.29   18.35
 -17124.526   140.521    45.86   20.17
 -16754.313   152.616    32.67   16.14
 -16384.009   158.956    17.12   10.07
 -16013.614   155.318    -9.82   15.15
 -15643.129   143.333   -32.35   19.28
 -15272.554   128.002   -41.37   18.89
 -14901.888   117.354   -28.73   14.80
 -14531.131   114.230    -8.43   13.38
 -14160.283   114.437     0.56   13.97
 -13789.344   122.008    20.41   11.23
 -13418.315   128.511    17.52   12.70
 -13047.194   134.374    15.80   12.95
 -12675.982   136.160     4.81   11.12
 -12304.679   131.935   -11.38   13.02
 -11933.285   118.484   -36.22   18.23
 -11561.800   102.012   -44.34   19.98
 -11190.223    87.287   -39.63   17.93
 -10818.555    79.961   -19.71   14.45
 -10446.795    74.782   -13.93   11.09
 -10074.944    71.274    -9.43    9.54
  -9703.001    68.695    -6.93    9.07
  -9330.967    62.579   -16.44    9.60
  -8958.840    57.107   -14.70    8.76
  -8586.622    53.948    -8.49    8.62
  -8214.312    57.335     9.10   10.90
  -7841.910    63.571    16.74   12.04
  -7469.416    68.967    14.49    8.76
  -7096.830    67.948    -2.74    9.57
  -6724.152    64.624    -8.92   11.60
  -6351.381    55.847   -23.55   13.70
  -5978.519    48.043   -20.93   11.75
  -5605.563    43.328   -12.64    9.40
  -5232.516    43.293    -0.09    9.77
  -4859.376    49.530    16.72   11.56
  -4486.143    56.590    18.92   10.14
  -4112.818    61.365    12.79    7.14
  -3739.400    60.264    -2.95    7.28
  -3365.889    55.988   -11.45    9.87
  -2992.285    48.300   -20.58   12.29
  -2618.589    39.310   -24.06   12.51
  -2244.799    30.588   -23.34   11.80
  -1870.916    22.108   -22.68   14.05
  -1496.941    14.161   -21.25   13.23
  -1122.872     9.333   -12.90   11.84
   -748.710     4.511   -12.89    7.79
   -374.454     1.638    -7.68    3.84
     -0.105     0.633    -2.68    2.02
    374.337     0.296    -0.90    1.67
    748.873     0.028    -0.71    1.03
   1123.503     0.005    -0.06    1.21
   1498.226    -0.180    -0.49    1.05
   1873.043    -0.227    -0.13    0.93
   2247.953    -0.161     0.18    0.94
   2622.958    -0.127     0.09    0.95
   2998.057    -0.083     0.12    0.97
   3373.249     0.004     0.23    0.98
   3748.536     0.105     0.27    1.00
   4123.917     0.307     0.54    0.98
   4499.392     0.496     0.50    0.93
   4874.962     0.739     0.65    0.78
   5250.625     0.907     0.45    0.61
   5626.384     1.062     0.41    0.32
   6002.236     1.133     0.19    0.00
   6378.184     1.133     0.00    0.00
   6754.226     1.133     0.00    0.00
   7130.363     1.133     0.00    0.00
   7506.594     1.133     0.00    0.00
   7882.921     1.133     0.00    0.00
   8259.342     1.133     0.00    0.00
   8635.858     1.133     0.00    0.00
   9012.470     1.133     0.00    0.00
   9389.176     1.133     0.00    0.00
   9765.978     1.133     0.00    0.00
  10142.875     1.133     0.00    0.00
  10519.868     1.133     0.00    0.00
  10896.956     1.133     0.00    0.00
  11274.139     1.133     0.00    0.00
  11651.419     1.133     0.00    0.00
  12028.793     1.133     0.00    0.00
  12406.264     1.133     0.00    0.00
  12783.830     1.133     0.00    0.00
  13161.492     1.133     0.00    0.00
  13539.250     1.133     0.00    0.00
  13917.105     1.133     0.00    0.00
  14295.055     1.133     0.00    0.00
  14673.101     1.133     0.00    0.00
  15051.244     1.133     0.00    0.00
  15429.483     1.133     0.00    0.00
  15807.818     1.133     0.00    0.00
  16186.250     1.133     0.00    0.00
  16564.778     1.133     0.00    0.00
  16943.403     1.133     0.00    0.00
  17322.125     1.133     0.00    0.00
  17700.943     1.133     0.00    0.00
  18079.858     1.133     0.00    0.00
  18458.870     1.133     0.00    0.00
  18837.979     1.133     0.00    0.00
  19217.186     1.133     0.00    0.00
  19596.489     1.133     0.00    0.00
  19975.889     1.133     0.00    0.00
  20355.387     1.133     0.00    0.00
  20734.982     1.133     0.00    0.00
  21114.674     1.133     0.00    0.00
  21494.464     1.133     0.00    0.00
  21874.352     1.133     0.00    0.00
  22254.337     1.133     0.00    0.00
  22634.420     1.133     0.00    0.00
  23014.600     1.133     0.00    0.00
  23394.879     1.133     0.00    0.00
  23775.255     1.133     0.00    0.00
  24155.730     1.133     0.00    0.00
  24536.302     1.133     0.00    0.00
  24916.973     1.133     0.00    0.00
  25297.742     1.133     0.00    0.00
  25678.609     1.133     0.00    0.00
  26059.575     1.133     0.00    0.00
  26440.639     1.133     0.00    0.00
  26821.801     1.133     0.00    0.00
  27203.063     1.133     0.00    0.00
  27584.423     1.133     0.00    0.00
  27965.881     1.133     0.00    0.00
  28347.439     1.133     0.00    0.00
  28729.095     1.133     0.00    0.00
  29110.851     1.133     0.00    0.00
  29492.705     1.133     0.00    0.00
  29874.659     1.812     1.78    2.42
  30256.712     5.841    10.55    8.75
  30638.864    14.280    22.08   15.29
  31021.115    24.849    27.65   16.90
  31401.916    23.515    -3.50   16.99
  31765.629    17.992   -15.19   18.88
  32129.431     8.890   -25.02   14.67
  32493.319     2.073   -18.73    4.11
  32857.296     1.133    -2.58    0.00
  33221.360     1.133     0.00    0.00
  33585.512     1.133     0.00    0.00
  33949.752     1.133     0.00    0.00
  34314.081     1.133     0.00    0.00
  34678.497     1.133     0.00    0.00
  35043.001     1.133     0.00    0.00
  35407.594     1.133     0.00    0.00
  35772.275     1.133     0.00    0.00
  36137.044     1.455     0.88    0.91
  36501.902     2.681     3.36    2.56
  36866.848     5.205     6.92    4.46
  37231.882     9.252    11.09    6.26
  37597.006    14.098    13.27    6.55
  37962.218    19.794    15.60    6.76
  38327.518    23.837    11.07    5.88
  38692.908    27.070     8.85    3.85
  39058.386    28.786     4.70    3.29
  39423.953    30.185     3.83    3.20
  39789.609    31.541     3.71    3.04
  40155.354    32.057     1.41    2.81
  40521.189    31.903    -0.42    2.76
  40887.112    31.280    -1.70    2.78
  41253.125    30.435    -2.31    2.74
  41619.227    29.726    -1.94    2.55
  41985.419    29.487    -0.65    2.32
  42351.699    30.039     1.51    3.23
  42718.070    31.800     4.81    4.07
  43084.530    32.340     1.47    3.96
  43451.079    31.982    -0.98    4.04
  43817.719    29.820    -5.89    3.91
  44184.448    27.918    -5.19    2.89
  44551.267    26.643    -3.48    2.23
  44918.175    26.006    -1.73    2.22
  45285.174    25.090    -2.50    2.29
  45652.263    24.340    -2.04    2.46
  46019.442    23.424    -2.50    2.47
  46386.711    21.943    -4.03    1.44
  46754.070    21.487    -1.24    0.99
  47121.520    21.388    -0.27    1.03
  47489.060    21.355    -0.09    1.16
  47856.690    21.379     0.07    1.33
  48224.411    21.269    -0.30    1.61
  48592.222    21.478     0.57    1.92
  48960.124    21.998     1.41    2.09
  49328.117    22.651     1.78    2.28
  49696.201    23.573     2.50    2.22
  50064.375    24.293     1.95    1.56
  50432.640    24.565     0.74    0.95
  50800.997    24.015    -1.49    1.18
  51169.444    23.078    -2.54    1.30
  51537.982    22.058    -2.77    1.34
  51906.612    21.656    -1.09    1.20
  52275.333    21.551    -0.28    1.19
  52644.145    21.710     0.43    1.13
  53013.048    22.015     0.83    1.51
  53382.043    22.467     1.22    1.93
  53751.129    22.742     0.75    1.81
  54120.307    22.841     0.27    1.75
  54489.577    22.535    -0.83    2.00
  54858.938    22.592     0.15    2.36
  55228.391    22.450    -0.39    2.37
  55597.936    22.516     0.18    2.18
  55967.573    22.099    -1.13    2.16
  56337.302    21.278    -2.22    2.01
  56707.123    20.710    -1.53    1.96
  57077.036    20.715     0.01    2.38
  57447.041    21.280     1.53    2.50
  57817.138    21.818     1.45    2.26
  58187.328    21.057    -2.05    3.03
  58557.610    19.665    -3.76    3.47
  58927.985    17.875    -4.83    3.29
  59298.452    16.913    -2.60    2.45
  59669.012    16.838    -0.20    1.93
  60039.664    17.604     2.07    1.86
  60410.410    18.258     1.77    1.70
  60781.248    17.849    -1.10    2.27
  61152.179    17.039    -2.18    2.63
  61523.202    15.912    -3.04    2.28
  61894.319    14.566    -3.63    2.77
  62265.529    12.815    -4.72    3.65
  62636.832    11.022    -4.83    2.88
  63008.229    10.461    -1.51    2.40
  63379.718    10.726     0.71    2.52
  63751.301    11.441     1.92    2.39
  64122.978    12.189     2.01    1.96
  64494.748    12.831     1.73    2.23
  64866.611    13.855     2.75    2.39
  65238.568    14.925     2.88    2.62
  65610.619    16.322     3.75    2.79
  65982.764    17.991     4.49    2.04
  66355.002    18.278     0.77    2.64
  66727.335    17.673    -1.62    3.22
  67099.761    15.968    -4.58    3.38
  67472.282    14.663    -3.50    2.24
  67844.897    14.278    -1.04    1.95
  68217.606    13.886    -1.05    2.91
  68590.409    13.186    -1.88    3.59
  68963.306    11.090    -5.62    3.14
  69336.298     9.411    -4.50    0.91
  69709.385     9.133    -0.74    0.00
  70082.566     9.133     0.00    0.00
  70455.842     9.133     0.00    0.00
  70829.212     9.133     0.00    0.00
  71202.677     9.057    -0.20    0.27
  71576.238     9.537     1.28    1.42
  71949.893    10.811     3.41    2.57
  72323.643    12.643     4.90    2.89
  72697.488    13.337     1.86    2.52
  73071.428    11.501    -4.91    4.96
  73445.463     6.786   -12.61    7.08
  73819.594     2.058   -12.64    6.09
  74193.820    -1.703   -10.05    2.94
  74568.142    -2.858    -3.09    0.09
  74942.559    -2.729     0.35    0.60
  75317.072    -1.095     4.36    3.33
  75691.680     2.504     9.61    5.92
  76066.384     6.642    11.04    6.04
  76441.184    10.227     9.56    4.68
  76816.080    12.594     6.31    3.05
  77191.071    12.708     0.31    3.18
  77566.159    12.556    -0.41    2.78
  77941.343    12.133    -1.13    1.78
  78316.623    11.896    -0.63    1.50
  78691.999    12.275     1.01    1.46
  79067.472    12.185    -0.24    1.48
  79443.040    12.547     0.97    2.12
  79818.706    13.879     3.55    3.05
  80194.468    15.278     3.72    3.14
  80570.326    14.685    -1.58    3.36
  80946.281    12.732    -5.20    4.37
  81322.333     9.762    -7.90    4.93
  81698.482     6.014    -9.96    4.64
  82074.728     4.160    -4.93    4.40
  82451.071     2.971    -3.16    4.43
  82827.510     2.588    -1.02    4.36
  83204.047     2.090    -1.32    4.10
  83580.681     2.377     0.76    3.65
  83957.413     2.470     0.25    3.25
  84334.242     3.587     2.97    2.96
  84711.168     4.386     2.12    2.32
  85088.191     4.996     1.62    2.03
  85465.313     5.676     1.80    2.14
  85842.532     6.726     2.79    2.32
  86219.848     7.268     1.44    2.25
  86597.263     7.488     0.58    2.20
  86974.775     6.834    -1.73    2.42
  87352.385     5.935    -2.38    2.28
  87730.094     4.354    -4.19    1.90
  88107.900     2.989    -3.61    2.24
  88485.805     2.723    -0.71    3.20
  88863.808     3.006     0.75    3.90
  89241.909     4.088     2.86    4.47
  89620.108     5.646     4.12    4.37
  89998.407     8.004     6.23    4.11
  90376.803    10.347     6.19    2.93
  90755.299    11.048     1.85    2.74
  91133.893    11.353     0.81    2.60
  91512.586    10.583    -2.03    2.69
  91891.377     9.633    -2.51    2.57
  92270.268     8.839    -2.10    2.28
  92649.258     7.732    -2.92    1.47
  93028.347     7.461    -0.71    1.43
  93407.535     7.364    -0.26    1.67
  93786.822     7.293    -0.19    1.66
  94166.208     7.625     0.88    2.15
  94545.694     8.815     3.14    2.77
  94925.280     9.472     1.73    2.40
  95304.965     9.116    -0.94    3.15
  95684.750     7.562    -4.09    3.60
  96064.634     6.252    -3.45    2.73
  96444.619     6.049    -0.53    2.60
  96824.703     6.988     2.47    2.76
  97204.887     8.528     4.05    2.69
  97585.171     9.475     2.49    2.73
  97965.555     9.958     1.27    2.67
  98346.040    10.016     0.15    2.59
  98726.624     9.826    -0.50    2.34
  99107.309     9.786    -0.10    2.11
  99488.095    10.066     0.73    2.40
  99868.981    10.091     0.07    3.59
 100249.968     8.922    -3.07    4.56
 100631.055     8.056    -2.27    4.29
 101012.243     7.317    -1.94    3.12
 101393.532     7.537     0.58    2.18
 101774.922     8.806     3.33    3.08
 102156.412    10.684     4.92    3.46
 102538.004    12.315     4.27    2.85
 102919.697    13.227     2.39    1.96
 103301.491    12.492    -1.92    2.82
 103683.387    10.371    -5.56    4.04
 104065.384     8.530    -4.82    3.69
 104447.482     7.654    -2.29    2.76
 104829.682     8.010     0.93    2.77
 105211.983     8.823     2.13    2.61
 105594.386    10.099     3.34    2.01
 105976.891    11.417     3.45    2.56
 106346.648    12.416     2.70    2.78
 106710.209    12.499     0.23    3.34
 107073.859    11.133    -3.75    3.51
 107437.599     9.851    -3.52    2.73
 107801.428    10.347     1.36    3.58
 108165.347    13.425     8.46    6.25
 108529.355    16.850     9.41    6.51
 108893.453    19.515     7.32    4.78
 109257.641    20.886     3.76    2.94
 109621.918    19.800    -2.98    2.83
 109986.286    19.133    -1.83    2.49
 110350.743    19.278     0.40    2.80
 110715.290    19.187    -0.25    3.16
 111079.928    18.983    -0.56    3.45
 111444.655    18.989     0.02    3.18
 111809.473    19.416     1.17    3.10
 112174.381    20.059     1.76    2.86
 112539.380    20.616     1.53    2.73
 112904.469    19.839    -2.13    3.52
 113269.648    18.747    -2.99    3.65
 113634.918    18.090    -1.80    3.41
 114000.279    17.175    -2.50    2.43
 114365.730    17.633     1.26    2.49
 114731.272    19.028     3.82    2.70
 115096.904    19.762     2.01    2.26
 115462.628    19.650    -0.30    2.08
 115828.443    18.396    -3.43    2.28
 116194.348    17.018    -3.77    2.24
 116560.345    15.551    -4.01    1.79
 116926.433    14.562    -2.70    1.56
 117292.612    13.976    -1.60    1.81
 117658.883    12.870    -3.02    2.36
 118025.245    10.873    -5.45    2.82
 118391.698     8.755    -5.78    3.20
 118758.243     7.159    -4.36    2.42
 119124.879     6.795    -0.99    2.23
 119491.607     6.409    -1.05    2.18
 119858.427     6.419     0.03    1.90
 120225.338     6.051    -1.00    1.76
 120592.341     5.590    -1.26    1.45
 120959.437     6.142     1.50    1.61
 121326.624     6.503     0.98    1.33
 121693.903     7.297     2.16    1.63
 122061.274     7.960     1.80    2.16
 122428.738     8.629     1.82    2.49
 122796.294     8.710     0.22    2.48
 123163.942     8.242    -1.27    2.46
 123531.683     7.853    -1.06    2.50
 123899.516     7.133    -1.96    2.55
 124267.441     7.067    -0.18    3.08
 124635.460     8.472     3.82    4.65
 125003.571    11.371     7.88    6.32
 125371.774    14.345     8.08    6.59
 125740.071    17.200     7.75    6.40
 126108.460    19.233     5.52    6.03
 126476.942    22.206     8.07    5.69
 126845.518    24.920     7.36    4.50
 127214.186    26.730     4.91    3.42
 127582.948    28.710     5.37    2.98
 127951.803    29.949     3.36    3.05
 128320.751    29.676    -0.74    4.04
 128689.793    28.049    -4.41    5.13
 129058.928    25.583    -6.68    5.39
 129428.157    23.670    -5.18    4.07
 129797.479    23.863     0.52    2.87
 130166.895    26.091     6.03    4.33
 130536.404    25.892    -0.54    5.80
 130906.008    24.226    -4.51    8.08
 131275.705    23.519    -1.91   11.30
 131645.496    23.505    -0.04   14.17
 132015.382    25.251     4.72   14.78
 132385.361    27.633     6.44   13.44
 132755.435    27.300    -0.90   10.66
 133125.603    24.928    -6.41    5.94
 133495.865    22.554    -6.41    2.08
 133866.222    21.617    -2.53    1.60
 134236.673    21.019    -1.61    2.42
 134607.218    20.250    -2.08    3.55
 134977.858    19.467    -2.11    2.79
 135348.593    19.100    -0.99    2.39
 135719.423    18.994    -0.29    2.14
 136090.347    18.879    -0.31    1.86
 136461.367    18.781    -0.26    1.53
 136832.481    18.730    -0.14    1.42
 137203.690    18.820     0.24    1.38
 137574.995    19.043     0.60    1.56
 137946.395    19.556     1.38    1.65
 138317.889    19.953     1.07    1.40
 138689.480    20.252     0.80    0.89
 139061.165    20.420     0.45    1.18
 139432.947    20.675     0.69    1.45
 139804.823    20.763     0.24    1.39
 140176.796    20.542    -0.59    1.40
 140548.864    20.379    -0.44    1.42
 140921.028    20.082    -0.80    1.31
 141293.287    19.789    -0.79    1.22
 141665.643    19.133    -1.76    1.29
 142038.095    18.100    -2.77    1.77
 142410.642    16.224    -5.04    3.02
 142783.286    14.326    -5.09    3.27
 143156.026    14.034    -0.78    3.45
 143528.863    15.201     3.13    4.34
 143901.795    19.671    11.99    7.14
 144274.825    25.059    14.45    9.68
 144647.950    31.028    16.00   10.29
 145021.173    37.273    16.73    9.74
 145394.492    43.295    16.13    7.67
 145767.907    47.250    10.59    6.20
 146141.420    49.060     4.85    5.64
 146515.029    49.960     2.41    5.05
 146888.736    49.596    -0.97    4.78
 147262.539    48.467    -3.02    4.88
 147636.440    44.555   -10.46    8.53
 148010.438    38.646   -15.80   12.02
 148384.533    33.026   -15.02   11.79
 148758.725    29.621    -9.10   10.43
 149133.015    27.574    -5.47    9.39
 149507.403    28.249     1.80    9.26
 149881.888    30.068     4.86    9.87
 150256.470    34.047    10.62    8.42
 150631.151    36.927     7.69    5.08
 151005.929    37.082     0.41    3.68
 151380.805    31.871   -13.90    8.02
 151755.779    26.314   -14.82    8.55
 152130.851    21.937   -11.67    6.26
 152506.021    20.995    -2.51    4.93
 152881.289    23.176     5.81    6.51
 153256.656    25.028     4.93    6.72
 153632.121    24.654    -1.00    6.19
 154007.684    22.150    -6.67    5.44
 154383.346    19.822    -6.20    3.74
 154759.107    18.748    -2.86    4.39
 155134.966    17.133    -4.29    5.55
 155510.923    15.355    -4.73    5.36
 155886.980    13.745    -4.28    3.53
 156263.136    13.946     0.54    2.74
 156639.390    15.133     3.16    2.41
 157015.744    15.727     1.58    2.80
 157392.196    14.831    -2.38    2.63
 157768.748    14.617    -0.57    3.79
 158145.399    12.011    -6.92    6.45
 158522.150     8.228   -10.04    8.22
 158899.000     4.478    -9.95    8.62
 159275.949     1.125    -8.90    5.04
 159652.998     4.084     7.85    8.36
 160030.147     8.275    11.11   10.16
 160407.395    12.386    10.90    9.35
 160784.744    12.353    -0.09    8.01
 161162.192    11.685    -1.77    6.97
 161539.740     9.461    -5.89    5.89
 161917.388     7.833    -4.31    4.56
 162295.137     8.505     1.78    5.54
 162672.985     8.404    -0.27    4.83
 163050.934     7.595    -2.14    3.26
 163428.984     6.937    -1.74    2.04
 163807.133     6.680    -0.68    2.50
 164185.384     7.524     2.23    3.78
 164563.735     8.060     1.42    4.25
 164942.186     6.742    -3.48    5.39
 165320.739     3.938    -7.41    6.25
 165699.392     0.046   -10.28    5.25
 166078.146    -2.228    -6.00    3.50
