-193999.198    65.674     0.00    1.29
-193629.122    66.044     1.00    1.19
-193258.968    66.679     1.71    1.33
-192888.736    67.415     1.99    1.49
-192518.426    68.442     2.77    1.55
-192148.037    69.463     2.76    1.76
-191777.569    70.842     3.72    1.85
-191407.023    72.198     3.66    1.99
-191036.398    73.900     4.59    2.16
-190665.695    75.600     4.58    2.32
-190294.913    77.117     4.09    2.18
-189924.052    78.740     4.38    2.42
-189553.112    80.307     4.22    2.22
-189182.093    81.837     4.12    2.03
-188810.996    83.074     3.33    1.93
-188439.819    84.816     4.69    2.93
-188068.564    86.169     3.64    3.87
-187697.229    87.032     2.32    4.18
-187325.815    87.407     1.01    3.95
-186954.323    88.084     1.82    3.38
-186582.751    89.053     2.61    3.80
-186211.099    91.379     6.26    4.58
-185839.369    94.084     7.28    4.96
-185467.558    96.496     6.49    4.05
-185095.669    97.850     3.64    2.84
-184723.700    99.250     3.76    1.57
-184351.652   100.798     4.16    2.94
-183979.524   103.147     6.31    3.60
-183607.316   105.311     5.81    3.01
-183235.029   106.790     3.97    2.22
-182862.662   108.365     4.23    2.28
-182490.215   109.579     3.26    2.57
-182117.688   110.855     3.42    3.00
-181745.082   111.636     2.10    2.28
-181372.395   113.926     6.14    3.91
-180999.629   117.063     8.41    5.44
-180626.783   120.345     8.80    7.04
-180253.856   122.900     6.85    7.03
-179880.850   124.519     4.34    6.23
-179507.763   125.686     3.13    6.20
-179134.596   127.252     4.19    6.13
-178761.349   129.548     6.15    5.42
-178388.021   131.425     5.03    6.23
-178014.613   134.084     7.12    7.72
-177641.125   139.126    13.50   10.73
-177267.556   146.564    19.91   12.45
-176893.906   153.358    18.18   14.20
-176520.176   158.655    14.17   16.65
-176146.365   162.105     9.23   18.74
-175772.474   161.358    -2.00   19.58
-175398.502   156.074   -14.13   18.52
-175024.449   147.712   -22.35   10.57
-174650.315   147.472    -0.64    8.78
-174276.101   157.449    26.66   19.67
-173901.805   177.280    52.98   29.94
-173527.428   204.509    72.72   31.83
-173152.971   230.971    70.66   28.50
-172778.432   251.876    55.81   19.32
-172403.812   259.448    20.21   14.56
-172029.111   259.476     0.08   19.65
-171654.328   253.734   -15.32   23.89
-171279.465   248.900   -12.89   26.33
-170904.520   246.960    -5.17   26.81
-170529.493   246.596    -0.97   28.36
-170154.385   243.431    -8.44   32.13
-169779.196   243.362    -0.18   34.60
-169403.925   240.136    -8.60   34.15
-169028.572   236.495    -9.70   31.38
-168653.138   233.339    -8.40   25.69
-168277.621   231.811    -4.07   17.24
-167902.024   238.301    17.28   17.86
-167526.344   248.472    27.07   20.16
-167150.582   264.000    41.32   18.69
-166774.739   276.268    32.64   18.73
-166398.813   289.631    35.54   18.85
-166022.805   302.929    35.36   20.12
-165646.716   318.916    42.50   23.39
-165270.544   335.349    43.68   25.54
-164894.290   353.726    48.84   21.73
-164517.953   363.645    26.35   16.18
-164141.535   364.170     1.39   21.86
-163765.034   351.972   -32.39   28.85
-163388.450   334.502   -46.38   26.36
-163011.784   319.179   -40.68   23.56
-162635.036   306.885   -32.63   23.11
-162258.205   294.054   -34.05   23.75
-161881.291   278.346   -41.67   21.61
-161504.295   260.963   -46.10   21.31
-161127.216   246.469   -38.43   16.35
-160750.054   238.176   -21.99   11.60
-160372.809   234.708    -9.19   11.61
-159995.481   238.880    11.05   15.49
-159618.071   245.329    17.09   15.60
-159240.577   250.296    13.16   14.05
-158863.000   252.117     4.82   13.18
-158485.340   252.054    -0.17   11.92
-158107.597   254.442     6.32   12.71
-157729.771   259.672    13.84   18.30
-157351.862   266.074    16.94   25.47
-156973.869   270.757    12.39   31.24
-156595.792   275.537    12.64   33.48
-156217.633   274.931    -1.60   32.84
-155839.390   272.373    -6.76   29.14
-155461.063   265.960   -16.95   25.55
-155082.652   261.156   -12.69   24.33
-154704.158   253.290   -20.78   25.67
-154325.581   246.674   -17.48   25.84
-153946.919   239.747   -18.29   25.26
-153568.174   230.615   -24.11   23.74
-153189.345   216.668   -36.81   24.31
-152810.431   204.404   -32.36   27.47
-152431.434   185.502   -49.87   26.48
-152052.353   173.435   -31.83   22.22
-151673.188   164.878   -22.56   14.96
-151293.938   163.176    -4.49   10.36
-150914.604   167.991    12.69    8.24
-150535.186   173.063    13.37    7.98
-150155.684   179.266    16.34    8.15
-149776.097   185.135    15.46    7.55
-149396.426   191.169    15.89    8.61
-149016.671   198.342    18.89    9.67
-148636.831   208.357    26.36   12.71
-148256.906   218.177    25.85   14.81
-147876.896   228.431    26.98   15.00
-147496.802   235.645    18.98   12.38
-147116.623   237.853     5.81    8.68
-146736.360   231.696   -16.19   12.39
-146356.011   220.523   -29.37   15.18
-145975.578   211.631   -23.37   12.09
-145595.059   206.376   -13.81    9.02
-145214.455   207.727     3.55   11.24
-144833.767   209.620     4.97   11.35
-144452.993   209.168    -1.19   10.59
-144072.134   207.336    -4.81   10.46
-143691.190   203.074   -11.19    9.53
-143310.160   199.263   -10.00    7.98
-142929.045   197.174    -5.48    7.83
-142547.844   194.390    -7.30    6.21
-142176.640   195.196     2.17   10.22
-141811.560   203.907    23.86   16.63
-141446.402   215.831    32.65   20.82
-141081.167   233.193    47.53   17.69
-140715.855   242.629    25.83   12.82
-140350.466   244.734     5.76   12.95
-139984.999   240.259   -12.24   18.18
-139619.456   228.940   -30.96   19.00
-139253.834   215.692   -36.23   15.37
-138888.135   206.468   -25.22   13.03
-138522.359   200.052   -17.54   13.63
-138156.505   195.227   -13.19   15.59
-137790.574   189.960   -14.39   16.15
-137424.564   187.124    -7.75   16.24
-137058.478   183.600    -9.63   17.25
-136692.313   182.441    -3.16   17.40
-136326.070   180.599    -5.03   16.21
-135959.750   177.476    -8.52   11.60
-135593.352   173.785   -10.07   10.45
-135226.876   168.832   -13.52    9.84
-134860.322   163.574   -14.34    6.60
-134493.690   161.645    -5.26    5.76
-134126.979   163.266     4.42    8.24
-133760.191   164.431     3.18    9.47
-133393.324   165.084     1.78    9.41
-133026.379   165.655     1.56    9.30
-132659.356   165.041    -1.67   11.35
-132292.254   159.002   -16.45   16.57
-131925.074   156.167    -7.72   15.94
-131557.816   157.666     4.08   19.85
-131190.479   162.706    13.72   22.01
-130823.064   172.011    25.32   18.09
-130455.570   173.660     4.49   16.43
-130087.997   169.816   -10.46   16.50
-129720.346   159.994   -26.71   16.54
-129352.615   148.916   -30.12   18.59
-128984.807   145.286    -9.87   17.64
-128616.919   146.115     2.25   18.34
-128248.952   144.666    -3.94   17.34
-127880.906   135.094   -26.00   22.09
-127512.782   120.837   -38.73   31.01
-127144.578   108.354   -33.90   28.71
-126776.295   104.911    -9.35   26.28
-126407.933   112.788    21.38   28.99
-126039.492   126.246    36.52   22.19
-125670.972   133.798    20.49   12.46
-125302.372   133.872     0.20    7.04
-124933.693   132.709    -3.15    6.45
-124564.935   134.166     3.95    7.98
-124196.097   136.282     5.74    9.27
-123827.179   138.727     6.63    8.16
-123458.182   140.170     3.91    8.15
-123089.106   140.523     0.96    7.59
-122719.949   143.253     7.39    8.92
-122350.714   146.390     8.50    8.09
-121981.398   149.605     8.70    7.54
-121612.002   149.276    -0.89    7.54
-121242.527   146.528    -7.44    7.80
-120872.972   141.872   -12.60    8.36
-120503.336   137.196   -12.65    9.31
-120133.621   132.280   -13.30   11.90
-119763.826   127.974   -11.64   11.62
-119393.950   121.808   -16.67   11.04
-119023.995   118.554    -8.80    8.45
-118653.959   121.002     6.62    9.42
-118283.843   125.553    12.30   10.59
-117913.646   129.268    10.03    8.43
-117543.369   132.196     7.91    6.25
-117173.012   132.700     1.36    6.11
-116802.574   131.945    -2.04    6.22
-116432.056   134.615     7.21   10.47
-116061.457   138.791    11.27   12.27
-115690.777   140.579     4.82   10.85
-115320.017   139.589    -2.67   10.73
-114949.176   138.361    -3.31   10.13
-114578.255   137.619    -2.00    9.33
-114207.252   139.218     4.31   10.78
-113836.168   140.004     2.12   11.85
-113465.004   132.849   -19.27   16.25
-113093.759   124.710   -21.92   16.32
-112722.432   117.223   -20.16    9.96
-112351.024   114.278    -7.93    6.36
-111979.536   117.074     7.53    9.37
-111607.966   121.194    11.09   10.33
-111236.314   122.950     4.73   10.17
-110864.582   122.826    -0.33   12.22
-110492.768   119.619    -8.62   14.91
-110120.872   115.523   -11.01   16.61
-109748.896   109.215   -16.96   17.07
-109376.837   100.166   -24.32   12.60
-109004.697    93.033   -19.17    8.25
-108632.476    88.442   -12.33    3.90
-108260.172    88.184    -0.69    5.04
-107887.787    88.422     0.64    6.56
-107515.321    91.104     7.20    8.24
-107142.772    94.191     8.29    9.00
-106770.141   102.054    21.10   11.54
-106397.429   109.579    20.19   10.82
-106024.634   113.932    11.68   10.65
-105651.758   117.788    10.34    8.39
-105278.799   121.680    10.43    8.72
-104905.758   125.994    11.56   10.16
-104532.635   133.178    19.25    9.96
-104159.429   139.829    17.82   10.26
-103786.142   150.737    29.22   14.75
-103412.772   163.094    33.09   19.15
-103039.319   174.138    29.57   17.89
-102665.784   182.434    22.21   10.28
-102292.166   182.161    -0.73   10.27
-101918.466   174.639   -20.13   16.44
-101544.683   164.845   -26.20   18.40
-101170.818   153.394   -30.63   16.71
-100796.869   147.819   -14.91   13.56
-100422.838   147.963     0.38   16.61
-100048.724   150.563     6.95   18.05
 -99674.527   150.054    -1.36   17.47
 -99300.247   146.165   -10.39   17.19
 -98925.885   138.288   -21.04   16.21
 -98551.438   129.145   -24.42   15.94
 -98176.909   119.293   -26.31   14.77
 -97802.297   114.144   -13.74   12.48
 -97427.601   110.670    -9.27    8.34
 -97052.822   116.144    14.61   12.76
 -96677.960   123.291    19.07   15.31
 -96303.014   127.424    11.02   17.28
 -95927.985   128.730     3.48   17.22
 -95552.872   128.314    -1.11   14.86
 -95177.676   129.847     4.09   12.61
 -94802.396   137.734    21.01   14.02
 -94427.032   150.290    33.45   17.29
 -94051.585   168.454    48.38   21.90
 -93676.054   184.914    43.83   23.49
 -93300.439   202.814    47.65   18.96
 -92924.740   210.314    19.96   13.11
 -92548.957   208.829    -3.95   14.85
 -92173.090   198.254   -28.13   18.65
 -91797.139   180.594   -46.97   20.48
 -91421.104   163.324   -45.92   21.19
 -91044.984   146.445   -44.87   20.09
 -90668.781   129.262   -45.67   18.67
 -90292.493   115.579   -36.36   19.61
 -89916.120   109.034   -17.39   19.34
 -89539.664   105.355    -9.77   18.58
 -89163.122   106.184     2.20   16.96
 -88786.497   107.031     2.25   13.47
 -88409.786   106.094    -2.49   13.45
 -88032.992   105.615    -1.27   13.77
 -87656.112   106.480     2.29   12.48
 -87279.147   108.208     4.58   10.84
 -86902.098   111.690     9.23   11.70
 -86524.964   113.717     5.37   12.01
 -86147.745   113.914     0.52   11.40
 -85770.441   109.224   -12.43   14.21
 -85393.052   102.024   -19.08   18.27
 -85015.578    94.249   -20.60   15.72
 -84638.019    88.004   -16.54   11.18
 -84260.374    88.984     2.59    9.37
 -83882.645    95.609    17.54   10.37
 -83504.830   103.934    22.03   14.15
 -83126.929   116.774    33.98   16.43
 -82748.943   128.182    30.18   14.21
 -82370.872   137.911    25.73   12.50
 -81992.715   143.410    14.54   13.68
 -81614.473   143.280    -0.34   15.79
 -81236.145   140.642    -6.97   16.29
 -80857.731   133.754   -18.20   16.18
 -80479.231   124.509   -24.42   14.37
 -80100.646   115.042   -25.01   13.03
 -79721.974   105.965   -23.97   11.98
 -79343.217    98.246   -20.38   10.58
 -78964.373    91.034   -19.03   11.74
 -78585.444    82.782   -21.78    9.73
 -78206.429    76.466   -16.66    7.77
 -77827.327    72.030   -11.70    5.12
 -77448.139    71.684    -0.91    6.17
 -77068.865    72.886     3.17    8.16
 -76689.504    75.554     7.03    9.82
 -76310.057    78.791     8.53    9.01
 -75930.524    79.764     2.56    9.46
 -75550.904    79.538    -0.59    9.63
 -75171.197    77.500    -5.37    9.56
 -74791.404    74.758    -7.22    8.43
 -74411.524    71.024    -9.83    7.38
 -74031.557    68.064    -7.79    6.96
 -73651.504    70.084     5.31    9.60
 -73271.363    73.011     7.70   11.38
 -72891.136    77.956    13.00   12.62
 -72510.821    78.270     0.82   11.96
 -72130.420    77.724    -1.43    9.06
 -71749.931    77.788     0.17    7.72
 -71369.356    75.672    -5.56    8.59
 -70988.693    72.166    -9.21    9.29
 -70607.943    67.797   -11.47    8.55
 -70227.105    63.033   -12.51    8.36
 -69846.180    58.701   -11.37    8.71
 -69465.168    55.791    -7.64    9.09
 -69084.068    52.682    -8.16    8.29
 -68702.880    53.235     1.45    9.44
 -68321.605    55.824     6.79   11.74
 -67940.242    55.921     0.25   10.36
 -67562.968    56.341     1.11    7.70
 -67198.128    58.397     5.63    7.18
 -66833.209    62.569    11.43    9.93
 -66468.211    66.074     9.60    9.80
 -66103.134    66.628     1.52    9.50
 -65737.978    60.444   -16.94   13.13
 -65372.743    52.973   -20.45   12.81
 -65007.429    50.224    -7.52   12.74
 -64642.035    49.414    -2.22   13.63
 -64276.562    51.641     6.09   14.64
 -63911.010    55.341    10.12   14.27
 -63545.379    59.230    10.64   10.91
 -63179.668    63.564    11.85   11.09
 -62813.878    69.644    16.62    9.25
 -62448.008    72.704     8.36    8.09
 -62082.059    75.212     6.85    8.89
 -61716.030    78.740     9.64    9.88
 -61349.922    81.054     6.32    9.63
 -60983.734    80.393    -1.81    7.96
 -60617.466    78.707    -4.60    8.29
 -60251.118    74.377   -11.82    8.48
 -59884.690    68.114   -17.09    8.41
 -59518.183    64.495    -9.87    7.26
 -59151.595    62.532    -5.36    6.53
 -58784.927    61.658    -2.38    6.13
 -58418.180    61.563    -0.26    6.08
 -58051.352    63.280     4.68    6.64
 -57684.444    63.371     0.25    7.29
 -57317.456    61.374    -5.44    8.74
 -56950.387    59.401    -5.38    9.74
 -56583.239    56.376    -8.24   10.71
 -56216.010    52.633   -10.19   10.28
 -55848.700    51.074    -4.24    9.24
 -55481.310    50.191    -2.40    9.75
 -55113.839    51.302     3.02   10.76
 -54746.288    50.974    -0.89   10.79
 -54378.656    50.371    -1.64   10.11
 -54010.944    48.362    -5.46    8.75
 -53643.150    46.711    -4.49    7.44
 -53275.276    46.013    -1.90    7.43
 -52907.321    45.925    -0.24    8.21
 -52539.285    46.781     2.32    9.89
 -52171.168    48.314     4.16   11.06
 -51802.971    50.750     6.62   11.15
 -51434.692    55.894    13.97   10.51
 -51066.332    56.103     0.57   10.73
 -50697.890    54.498    -4.36   13.51
 -50329.368    50.260   -11.50   15.05
 -49960.764    44.680   -15.14   13.13
 -49592.079    38.740   -16.11    9.07
 -49223.313    34.174   -12.38    5.07
 -48854.465    31.299    -7.79    4.03
 -48485.535    29.446    -5.02    3.46
 -48116.524    28.625    -2.23    2.80
 -47747.432    28.935     0.84    3.39
 -47378.258    27.850    -2.94    3.36
 -47009.002    27.848    -0.01    3.26
 -46639.664    28.518     1.81    3.14
 -46270.245    28.240    -0.75    2.85
 -45900.743    28.770     1.43    3.23
 -45531.160    29.326     1.51    3.17
 -45161.495    29.535     0.56    3.00
 -44791.747    30.329     2.15    3.10
 -44421.918    30.948     1.67    2.70
 -44052.007    31.771     2.23    2.92
 -43682.013    30.780    -2.68    3.38
 -43311.937    29.724    -2.85    3.73
 -42941.779    27.975    -4.72    4.55
 -42571.538    25.858    -5.72    4.34
 -42201.215    24.341    -4.10    2.89
 -41830.809    23.956    -1.04    2.53
 -41460.321    23.563    -1.06    2.61
 -41089.751    22.520    -2.81    2.91
 -40719.098    22.261    -0.70    2.80
 -40348.362    21.780    -1.30    2.62
 -39977.543    20.821    -2.58    2.59
 -39606.642    19.774    -2.82    2.71
 -39235.657    19.624    -0.40    2.90
 -38864.590    20.508     2.38    3.30
 -38493.440    21.917     3.80    3.94
 -38122.207    23.421     4.05    3.36
 -37750.891    23.744     0.87    2.78
 -37379.491    23.719    -0.07    3.00
 -37008.009    22.799    -2.48    2.73
 -36636.443    23.094     0.79    3.24
 -36264.794    23.637     1.46    3.91
 -35893.062    23.757     0.32    3.50
 -35521.246    21.824    -5.20    3.39
 -35149.346    20.466    -3.65    2.75
 -34777.364    20.332    -0.36    3.01
 -34405.297    19.515    -2.19    3.41
 -34033.147    19.594     0.21    3.81
 -33660.914    19.314    -0.75    3.33
 -33288.596    19.837     1.40    3.60
 -32916.195    21.613     4.77    3.42
 -32543.710    21.747     0.36    3.41
 -32171.141    21.268    -1.29    3.57
 -31798.489    20.593    -1.81    2.96
 -31425.752    19.534    -2.84    1.95
 -31052.931    18.642    -2.39    2.15
 -30680.026    18.188    -1.22    2.29
 -30307.036    17.515    -1.81    2.12
 -29933.963    16.706    -2.17    1.94
 -29560.805    15.918    -2.11    1.94
 -29187.563    15.610    -0.83    2.24
 -28814.236    15.201    -1.09    2.29
 -28440.825    14.945    -0.69    2.72
 -28067.330    14.841    -0.28    2.95
 -27693.750    14.437    -1.08    3.08
 -27320.085    13.934    -1.35    3.02
 -26946.336    14.946     2.71    3.22
 -26572.501    16.064     2.99    3.19
 -26198.582    16.501     1.17    2.70
 -25824.579    16.472    -0.08    2.24
 -25450.490    15.588    -2.36    2.12
 -25076.316    14.947    -1.71    2.32
 -24702.057    13.917    -2.75    2.65
 -24327.713    12.983    -2.50    2.28
 -23953.284    12.851    -0.35    2.09
 -23578.770    12.806    -0.12    2.11
 -23204.171    13.123     0.84    2.05
 -22829.486    13.905     2.09    2.12
 -22454.716    14.378     1.26    2.29
 -22079.860    14.456     0.21    2.15
 -21704.919    15.468     2.70    1.88
 -21329.892    15.564     0.26    2.02
 -20954.780    15.217    -0.93    2.43
 -20579.582    14.200    -2.71    2.80
 -20204.298    13.030    -3.12    2.52
 -19828.929    13.016    -0.04    2.30
 -19453.474    12.824    -0.51    2.19
 -19077.932    13.535     1.89    2.64
 -18702.305    14.633     2.92    2.76
 -18326.592    15.074     1.17    2.68
 -17950.793    15.986     2.43    2.43
 -17574.907    16.193     0.55    2.01
 -17198.936    18.231     5.42    5.29
 -16822.878    22.856    12.30    9.23
 -16446.734    26.662    10.12   10.37
 -16070.503    30.234     9.49    9.81
 -15694.187    31.770     4.08    9.60
 -15317.783    30.553    -3.23    8.83
 -14941.293    30.365    -0.50    8.92
 -14564.717    31.747     3.67    9.06
 -14188.054    30.466    -3.40    9.22
 -13811.304    29.155    -3.48    8.35
 -13434.467    28.132    -2.72    7.00
 -13057.543    27.224    -2.41    6.39
 -12680.533    28.737     4.01    5.47
 -12303.436    31.685     7.82    5.87
 -11926.251    34.443     7.31    6.50
 -11548.980    38.084     9.65    6.82
 -11171.621    41.986    10.34    8.21
 -10794.175    44.486     6.62   10.06
 -10416.642    46.015     4.05   11.72
 -10039.022    45.802    -0.56   11.67
  -9661.314    45.691    -0.29   10.48
  -9283.519    44.676    -2.69    8.22
  -8905.636    45.214     1.42    7.59
  -8527.666    46.853     4.34    9.05
  -8149.608    47.798     2.50    9.71
  -7771.463    48.712     2.42    9.99
  -7393.230    50.023     3.47   10.30
  -7014.909    51.307     3.39    8.66
  -6636.500    50.043    -3.34    7.42
  -6258.003    51.718     4.42    8.59
  -5879.418    55.000     8.67    9.95
  -5500.746    60.433    14.35   11.75
  -5121.985    65.892    14.41   11.48
  -4743.136    73.160    19.19   11.73
  -4364.198    80.231    18.66   11.11
  -3985.173    86.967    17.77    9.70
  -3606.059    91.351    11.56    9.23
  -3226.857    92.407     2.79   12.30
  -2847.566    90.848    -4.11   14.33
  -2468.187    83.917   -18.27   14.71
  -2088.719    75.309   -22.68   15.04
  -1709.163    60.708   -38.47   19.33
  -1329.517    42.199   -48.75   24.72
   -949.784    21.289   -55.06   23.35
   -569.961     6.760   -38.25   14.59
   -190.049    -0.322   -18.64    4.37
    189.951     1.025     3.55    5.07
    570.041     2.878     4.87    5.90
    950.220     5.355     6.52    6.20
   1330.487     7.484     5.60    6.42
   1710.844    10.083     6.83    6.27
   2091.291    13.686     9.47    2.83
   2471.826    13.613    -0.19    2.76
   2852.451    13.319    -0.77    2.16
   3233.165    12.526    -2.08    2.28
   3613.969    11.196    -3.49    1.59
   3994.863    11.365     0.44    1.82
   4375.846    12.145     2.05    2.61
   4756.919    12.369     0.59    2.73
   5138.081    12.936     1.49    2.87
   5519.333    13.640     1.85    3.08
   5900.676    14.451     2.13    3.36
   6282.108    13.608    -2.21    4.08
   6663.630    13.482    -0.33    5.31
   7045.242    14.423     2.47    6.68
   7412.039    15.401     2.66    7.09
   7776.716    18.540     8.61    6.15
   8141.475    20.368     5.01    5.09
   8506.314    17.430    -8.05    6.56
   8871.233    13.464   -10.87    7.15
   9236.234    10.298    -8.67    5.93
   9601.316     9.831    -1.28    4.96
   9966.478    10.760     2.54    6.00
  10331.722    13.495     7.49    8.29
  10697.046    15.228     4.74    8.86
  11062.452    15.855     1.72    8.22
  11427.939    15.226    -1.72    6.25
  11793.507    16.407     3.23    5.36
  12159.157    18.756     6.43    5.75
  12524.888    19.560     2.20    5.11
  12890.700    17.292    -6.20    7.62
  13256.594    13.483   -10.41    8.26
  13622.570    11.022    -6.73    6.13
  13988.626    12.025     2.74    6.25
  14354.765    13.627     4.38    6.75
  14720.985    15.054     3.90    6.40
  15087.287    14.366    -1.88    7.09
  15453.671    13.380    -2.69    6.99
  15820.137    11.025    -6.43    6.27
  16186.684     9.173    -5.05    4.91
  16553.313    10.142     2.64    5.63
  16920.025    11.917     4.84    7.19
  17286.818    15.884    10.82    7.32
  17653.694    18.160     6.21    6.99
  18020.652    18.737     1.57    7.58
  18387.692    16.093    -7.20    7.83
  18754.814    14.889    -3.28    6.14
  19122.019    14.190    -1.90    6.09
  19489.306    13.026    -3.17    5.86
  19856.675    11.734    -3.52    4.44
  20224.128    12.521     2.14    5.23
  20591.662    14.002     4.03    6.79
  20959.279    16.631     7.15    7.09
  21326.979    17.996     3.71    7.03
  21694.762    16.462    -4.17    9.09
  22062.627    14.199    -6.15    9.04
  22430.575    12.134    -5.61    7.87
  22798.606    10.651    -4.03    5.38
  23166.720    11.013     0.98    4.99
  23534.917    11.995     2.67    7.46
  23903.197    13.676     4.56    9.01
  24271.561    15.737     5.60    9.23
  24640.007    15.574    -0.44    8.22
  25008.536    14.761    -2.21    5.75
  25377.149    13.979    -2.12    3.91
  25745.845    14.064     0.23    4.10
  26114.625    15.255     3.23    4.71
  26483.488    15.724     1.27    4.24
  26852.435    16.260     1.45    4.08
  27221.465    16.986     1.97    4.53
  27590.578    17.984     2.70    4.95
  27959.776    18.035     0.14    5.41
  28329.057    17.217    -2.22    6.30
  28698.422    15.812    -3.80    6.53
  29067.870    15.006    -2.18    6.57
  29437.403    12.918    -5.65    6.55
  29807.020    10.285    -7.12    6.19
  30176.720     9.024    -3.41    5.06
  30546.505     7.988    -2.80    3.91
  30916.374     8.765     2.10    4.03
  31286.327     9.305     1.46    3.35
  31656.364     9.103    -0.54    3.04
  32026.485     9.588     1.31    3.54
  32396.691    10.036     1.21    4.24
  32766.981     9.753    -0.76    5.00
  33137.356     9.910     0.42    5.90
  33507.815    12.808     7.82    9.28
  33878.359    14.536     4.66    9.42
  34248.988    16.564     5.47    8.27
  34619.701    16.860     0.80    5.93
  34990.499    17.734     2.36    5.78
  35361.382    19.798     5.56    7.71
  35732.349    22.750     7.96    8.86
  36103.402    24.104     3.65    9.11
  36474.539    22.340    -4.75    8.92
  36845.762    19.268    -8.28    7.18
  37217.069    18.535    -1.97    6.72
  37588.462    20.821     6.16    8.63
  37959.940    24.656    10.32   10.28
  38331.503    28.550    10.48    9.17
  38703.152    31.495     7.93    7.71
  39074.886    32.651     3.11    6.92
  39446.706    32.538    -0.30    6.74
  39818.611    30.132    -6.47    7.39
  40190.601    27.737    -6.44    6.31
  40562.677    29.008     3.42    7.31
  40934.839    32.627     9.73    8.43
  41307.087    37.693    13.61    7.86
  41679.420    42.309    12.40    7.47
  42051.839    45.084     7.45    6.16
  42424.344    42.102    -8.00    8.61
  42796.936    36.494   -15.05   12.10
  43169.613    31.546   -13.28   10.32
  43542.376    29.676    -5.02    7.82
  43915.225    34.187    12.10   11.24
  44288.161    41.802    20.42   12.96
  44661.183    49.455    20.52   11.07
  45034.291    53.417    10.62    8.76
  45407.486    54.074     1.76    8.91
  45780.767    54.036    -0.10    8.07
  46154.134    50.946    -8.28   10.12
  46527.588    44.932   -16.10   13.34
  46901.129    39.464   -14.64   12.13
  47274.756    39.706     0.65    9.31
  47648.471    43.329     9.69    8.87
  48022.272    48.960    15.06    8.34
  48396.159    51.055     5.60    7.84
  48770.134    47.225   -10.24   11.90
  49144.196    41.140   -16.27   12.89
  49518.345    34.817   -16.90    9.06
  49892.581    33.659    -3.09    7.40
  50266.904    35.599     5.18    8.70
  50641.314    36.607     2.69    7.73
  51015.811    37.533     2.47    4.95
  51390.396    38.350     2.18    4.36
  51765.069    39.995     4.39    5.13
  52139.828    43.430     9.16    6.97
  52514.676    48.491    13.50   11.01
  52889.611    56.843    22.28   11.40
  53264.633    60.188     8.92    8.83
  53639.743    58.093    -5.59   10.79
  54014.941    52.810   -14.08   12.09
  54390.227    46.104   -17.87    9.33
  54765.601    43.274    -7.54    7.83
  55141.063    42.237    -2.76    6.18
  55516.612    42.715     1.27    6.71
  55892.250    44.539     4.86    7.78
  56267.976    46.651     5.62    7.21
  56643.790    50.006     8.93    6.70
  57019.692    53.131     8.31    6.35
  57395.683    55.353     5.91    5.79
  57771.762    57.305     5.19    5.79
  58147.930    59.131     4.86    5.37
  58524.186    59.676     1.45    5.83
  58900.530    58.747    -2.47    6.36
  59276.963    58.094    -1.73    6.14
  59653.485    59.527     3.81    6.26
  60030.096    62.288     7.33    8.84
  60406.795    69.731    19.76   10.17
  60783.584    74.559    12.81    7.12
  61160.461    74.904     0.92    6.25
  61537.427    72.247    -7.05    7.55
  61914.482    68.140   -10.89    6.21
  62291.627    67.093    -2.78    5.17
  62668.860    68.718     4.31    6.87
  63046.183    71.728     7.98    7.18
  63423.595    73.909     5.78    5.43
  63801.097    73.253    -1.74    4.83
  64178.688    71.064    -5.80    4.80
  64556.368    68.255    -7.44    4.62
  64934.138    66.084    -5.75    4.27
  65311.998    64.281    -4.77    3.32
  65689.947    62.849    -3.79    2.77
  66067.987    63.270     1.11    3.21
  66446.115    65.214     5.14    3.82
  66824.334    69.361    10.97    6.57
  67202.643    75.717    16.80    9.33
  67581.042    83.868    21.54   10.20
  67959.530    90.550    17.65    8.09
  68338.109    95.432    12.90    5.59
  68716.778    98.347     7.70    5.11
  69095.538    98.617     0.71    6.16
  69474.387    98.112    -1.33    7.26
  69853.327    96.439    -4.41    7.53
  70232.358    94.560    -4.96    6.85
  70611.479    91.997    -6.76    6.80
  70990.691    90.347    -4.35    7.71
  71369.993    88.948    -3.69   10.50
  71749.386    88.139    -2.13   12.33
  72128.869    86.905    -3.25   13.71
  72508.444    87.924     2.68   13.71
  72888.109    89.983     5.42   13.38
  73267.866    95.564    14.70   11.71
  73647.713    99.599    10.62    9.16
  74027.652    96.158    -9.06   13.57
  74407.681    87.123   -23.78   19.13
  74787.802    71.166   -41.98   24.45
  75168.014    55.331   -41.65   22.15
  75548.318    41.681   -35.89   15.75
  75928.713    33.776   -20.78    9.36
  76309.199    29.413   -11.47    1.02
  76689.777    29.074    -0.89    0.00
  77070.446    29.074     0.00    0.00
  77451.207    29.074     0.00    0.00
  77832.060    29.074     0.00    0.00
  78213.005    29.074     0.00    0.00
  78594.042    29.276     0.53    0.94
  78975.170    30.952     4.40    3.83
  79356.391    33.958     7.89    6.78
  79737.703    37.876    10.27    8.71
  80119.108    44.824    18.22   10.87
  80500.605    51.564    17.67   10.92
  80882.194    59.737    21.42   10.96
  81263.876    69.532    25.66   11.67
  81645.649    79.945    27.28   13.79
  82019.029    93.713    36.87   18.72
  82383.462   107.550    37.97   23.66
  82747.977   130.055    61.74   32.69
  83112.574   150.207    55.28   38.28
  83477.254   172.084    59.99   40.27
  83842.017   185.934    37.97   39.52
  84206.862   192.938    19.20   41.10
  84571.791   193.064     0.35   43.91
  84936.802   189.564    -9.59   43.67
  85301.896   189.113    -1.24   37.88
  85667.073   195.979    18.80   33.29
  86032.332   212.650    45.64   32.14
  86397.675   238.298    70.21   39.88
  86763.101   271.046    89.62   45.57
  87128.611   310.121   106.91   43.35
  87494.203   332.416    60.99   32.80
  87859.879   331.870    -1.50   38.54
  88225.638   300.972   -84.48   58.88
  88591.480   261.998  -106.54   57.85
  88957.406   225.807   -98.91   40.69
  89323.415   211.176   -39.98   35.10
  89689.508   204.900   -17.14   37.62
  90055.685   193.578   -30.92   40.07
  90421.945   180.680   -35.22   36.70
  90788.289   167.196   -36.81   27.12
  91154.716   160.602   -18.00   15.99
  91521.228   157.618    -8.14    8.38
  91887.823   155.731    -5.15    8.53
  92254.503   154.831    -2.45   10.21
  92621.266   151.310    -9.60   12.94
  92988.113   151.261    -0.13   14.24
  93355.045   155.651    11.96   15.40
  93722.061   162.522    18.72   16.35
  94089.161   174.326    32.16   19.85
  94456.345   190.310    43.53   22.06
  94823.614   208.461    49.42   26.76
  95190.967   223.649    41.35   27.91
  95558.404   230.762    19.36   30.67
  95925.927   233.180     6.58   38.80
  96293.533   232.111    -2.91   41.66
  96661.225   236.923    13.09   42.64
  97029.001   250.228    36.18   41.17
  97396.861   267.621    47.29   40.12
  97764.807   284.291    45.31   38.60
  98132.838   294.990    29.07   33.17
  98500.953   295.487     1.35   31.39
  98869.153   287.508   -21.67   31.62
  99237.439   275.451   -32.74   34.59
  99605.810   255.895   -53.09   34.60
  99974.265   239.410   -44.74   32.49
 100342.806   222.161   -46.81   28.34
 100711.433   208.574   -36.86   26.78
 101080.144   200.244   -22.59   23.10
 101448.941   192.574   -20.80   19.99
 101817.824   188.149   -12.00   15.61
 102186.792   184.641    -9.51    9.77
 102555.845   182.850    -4.85    6.53
 102924.985   181.228    -4.39    7.31
 103294.210   180.083    -3.10    8.05
 103663.520   176.631    -9.35    8.55
 104032.917   171.466   -13.98    7.06
 104402.399   170.307    -3.14    5.55
 104771.968   172.689     6.45    8.46
 105141.622   176.907    11.41   10.06
 105511.363   183.006    16.50   10.09
 105881.189   189.691    18.07   11.80
 106251.102   193.740    10.95    9.75
 106621.101   195.298     4.21    6.92
 106991.186   194.261    -2.80    6.94
 107361.358   189.536   -12.76    8.24
 107731.616   183.324   -16.78   11.88
 108101.960   176.901   -17.34   14.09
 108472.391   174.868    -5.49   14.03
 108842.909   175.979     3.00   13.84
 109213.513   180.093    11.10   13.03
 109584.204   184.731    12.51   10.78
 109954.982   188.046     8.94   12.49
 110325.846   188.815     2.07   17.30
 110696.798   185.160    -9.85   22.52
 111067.836   176.866   -22.36   24.87
 111438.962   163.980   -34.72   25.39
 111810.174   145.055   -50.99   23.57
 112181.474   127.890   -46.23   22.71
 112552.861   110.291   -47.39   17.95
 112924.335    99.206   -29.84   13.36
 113295.897    93.814   -14.51   10.82
 113667.546    96.215     6.46   13.01
 114039.282   104.791    23.07   17.51
 114411.106   118.139    35.90   21.37
 114783.017   128.781    28.62   21.66
 115155.016   132.207     9.21   23.15
 115527.103   125.681   -17.54   25.75
 115899.277   112.574   -35.22   25.09
 116271.540    96.854   -42.23   24.22
 116643.890    83.385   -36.17   19.90
 117016.328    74.728   -23.25   14.36
 117388.854    69.934   -12.87    9.20
 117761.468    68.569    -3.66    7.58
 118134.170    70.352     4.78    8.99
 118506.961    75.391    13.52   11.12
 118879.839    83.193    20.93   13.11
 119252.806    91.529    22.35   12.92
 119625.862    99.074    20.23   10.19
 119999.005   105.912    18.33   11.69
 120372.238   111.317    14.48   13.40
 120745.559   116.513    13.92   13.78
 121118.968   121.055    12.16   14.18
 121492.466   126.432    14.40   14.11
 121866.053   133.427    18.73   15.39
 122239.729   142.644    24.67   17.34
 122613.493   153.941    30.23   18.00
 122987.347   162.872    23.89   15.71
 123361.289   168.410    14.81   11.59
 123735.321   171.821     9.12   10.08
 124109.441   172.915     2.92   12.63
 124483.651   170.319    -6.94   16.08
 124857.950   167.725    -6.93   18.68
 125232.339   166.994    -1.95   19.95
 125606.816   166.983    -0.03   20.23
 125981.384   170.044     8.17   17.24
 126356.040   168.367    -4.48   14.78
 126730.786   160.321   -21.47   15.91
 127105.622   145.342   -39.96   23.51
 127480.548   126.852   -49.32   26.20
 127855.563   107.838   -50.70   20.76
 128230.668    94.574   -35.36   15.12
 128605.863    84.836   -25.96   11.44
 128981.148    76.203   -23.00    9.12
 129356.523    68.612   -20.22    9.59
 129731.988    59.242   -24.96   11.36
 130107.543    49.866   -24.97   12.87
 130483.189    40.305   -25.45   11.20
 130858.924    35.756   -12.11    6.90
 131234.750    38.149     6.37    9.99
 131610.667    44.639    17.27   12.74
 131986.673    53.045    22.36   13.60
 132362.771    60.353    19.43   12.49
 132738.959    67.144    18.05   10.74
 133115.237    73.251    16.23    9.98
 133491.606    76.912     9.73    8.15
 133868.067    78.239     3.52    6.92
 134244.617    80.494     5.99    6.33
 134621.259    81.962     3.90    7.78
 134997.992    82.233     0.72    9.67
 135374.816    80.625    -4.27   12.10
 135751.731    78.592    -5.39   12.81
 136128.737    75.121    -9.21   11.16
 136505.834    73.737    -3.67   10.07
 136883.023    74.423     1.82   10.27
 137260.303    77.183     7.32   10.69
 137637.674    80.170     7.92   11.52
 138015.137    81.092     2.44   11.47
 138392.692    82.640     4.10   12.15
 138770.338    84.319     4.45   11.71
 139148.076    87.270     7.81   11.30
 139525.905    88.796     4.04   11.83
 139903.827    88.148    -1.72   12.26
 140281.840    85.046    -8.21   12.67
 140659.945    82.129    -7.71   11.78
 141038.142    78.482    -9.64   11.42
 141416.432    77.890    -1.56   11.57
 141794.813    77.462    -1.13   10.26
 142173.287    72.817   -12.27   10.60
 142551.853    66.564   -16.52   12.34
 142930.512    60.038   -17.24   12.87
 143309.262    56.141   -10.29   10.49
 143688.106    57.716     4.16   11.92
 144067.042    64.158    17.00   13.16
 144446.070    67.147     7.89    9.96
 144825.191    66.037    -2.93    8.25
 145204.405    59.722   -16.65   10.17
 145583.712    50.637   -23.95   12.54
 145963.112    40.564   -26.55   13.53
 146342.604    32.331   -21.70   12.40
 146722.190    24.607   -20.35    9.56
 147101.869    20.450   -10.95    7.78
 147481.641    16.896    -9.36    3.67
 147861.506    15.496    -3.69    1.58
 148241.464    15.604     0.28    1.73
 148621.516    18.734     8.24    6.16
 149001.661    25.064    16.65   11.37
 149381.900    34.450    24.69   13.98
 149762.232    40.317    15.43   11.30
 150142.658    44.982    12.26    8.57
 150523.178    47.611     6.91    6.86
 150903.791    47.213    -1.05    6.55
 151284.499    46.665    -1.44    6.48
 151665.300    45.740    -2.43    7.08
 152046.195    45.416    -0.85    7.35
 152427.184    45.971     1.46    6.64
 152808.268    48.928     7.76    6.96
 153189.445    53.902    13.05    7.92
 153570.717    60.957    18.50   12.49
 153952.083    68.434    19.61   13.34
 154333.544    76.276    20.56   10.89
 154715.099    81.624    14.02    9.19
 155096.748    84.890     8.56    8.78
 155478.492    88.598     9.71   10.91
 155860.331    91.202     6.82   12.36
 156242.264    93.640     6.38   11.55
 156622.756    96.927     8.64   10.67
 156986.941   102.799    16.12   12.33
 157351.211   110.895    22.23   14.90
 157715.565   120.698    26.91   14.23
 158080.003   127.025    17.36   12.63
 158444.526   126.872    -0.42   17.72
 158809.133   125.333    -4.22   20.12
 159173.825   123.912    -3.90   20.30
 159538.601   124.156     0.67   19.65
 159903.462   124.779     1.71   18.34
 160268.407   127.120     6.42   16.20
 160633.438   128.265     3.14   15.21
 160998.553   130.046     4.88   14.69
 161363.753   129.752    -0.80   12.90
 161729.038   129.550    -0.55   11.10
 162094.408   126.756    -7.65    9.67
 162459.864   122.835   -10.73    9.48
 162825.404   116.593   -17.08   12.04
 163191.029   109.937   -18.20   12.14
 163556.740   104.817   -14.00   11.67
 163922.536    99.583   -14.31   12.98
 164288.418    96.213    -9.21   14.61
 164654.384    91.187   -13.73   15.80
 165020.437    84.092   -19.38   16.61
 165386.575    77.887   -16.95   14.47
 165752.798    72.199   -15.53    9.84
 166119.107    70.101    -5.73    5.42
 166485.502    71.895     4.90    6.47
 166851.983    78.856    19.00   11.85
 167218.549    87.683    24.08   15.14
 167585.201    98.213    28.72   15.13
 167951.940   103.565    14.59   12.43
 168318.764   105.234     4.55   11.42
 168685.675   106.447     3.30   10.90
 169052.671   112.312    15.98   14.69
 169419.754   123.011    29.15   17.92
 169786.923   134.510    31.32   17.31
 170154.178   141.345    18.61   15.98
 170521.520   139.447    -5.17   16.55
 170888.948   135.928    -9.58   14.24
 171256.463   135.129    -2.18   11.65
 171624.064   132.670    -6.69   12.72
 171991.752   127.065   -15.25   17.68
 172359.527   116.795   -27.93   22.82
 172727.388   100.699   -43.76   24.70
 173095.336    83.147   -47.71   22.57
 173463.371    70.583   -34.14   16.00
 173831.493    67.211    -9.16   19.01
 174199.702    73.965    18.34   28.15
 174567.998    85.814    32.18   33.66
 174936.382    97.380    31.40   31.58
 175304.852   101.681    11.67   29.18
 175673.409    98.542    -8.52   25.97
 176042.054    96.588    -5.30   21.53
 176410.786   100.045     9.38   19.50
 176779.606   107.610    20.51   16.52
 177148.513   109.734     5.76   14.78
 177517.508   101.815   -21.46   22.64
 177886.590    92.383   -25.56   24.37
 178255.760    82.028   -28.05   19.90
 178625.018    73.713   -22.52   11.58
 178994.363    69.339   -11.85    7.64
 179363.797    62.146   -19.47   10.70
 179733.318    55.283   -18.57   10.69
 180102.927    48.395   -18.64    7.45
 180472.624    43.219   -14.00    5.60
 180842.410    40.410    -7.60    4.80
 181212.283    41.810     3.79    5.26
 181582.245    43.759     5.27    6.18
 181952.295    49.629    15.87    7.27
 182322.434    56.083    17.44    7.83
 182692.661    62.551    17.47    9.50
 183062.976    68.137    15.09    9.69
 183433.380    73.564    14.65   10.33
 183803.872    76.853     8.88   11.52
