# NaN NaN NaN ;Mean Elev.(m), Avg Gradient(m/km), RMS Gradient(m/km) - SRTM1     
#   26.859   3.632  13.634 ;Mean Elev.(m), Avg Gradient(m/km), RMS Gradient(m/km) - ASTER GDEM
#   19.926   3.130  15.162 ;Mean Elev.(m), Avg Gradient(m/km), RMS Gradient(m/km) - GMTED2010 
  8 146.088576  68.517309    22.638    22.638  2 52483.44892317 29.997
 11 146.094110  68.515540    50.207    50.207  2 52588.44891298  7.886
 12 146.101023  68.516849    19.078    19.078  2 52623.44886510 16.560
 13 146.089205  68.515093    19.955    21.295  4 52658.44888326 18.044
 15 146.090887  68.515566    19.298    19.041  3 52728.44890316 12.853
 16 146.096458  68.515295    18.457    18.135  4 52763.44891557 11.859
 18 146.078577  68.515824    23.163    23.163  2 52833.44895998 22.907
 20 146.092227  68.516482    19.663    19.601  4 52903.44901560 32.312
 21 146.108091  68.515765    36.752    23.714  3 52938.44895188 11.792
 22 146.078385  68.515979    51.755    64.910  3 52973.44898847  8.200
 23 146.080970  68.518850    15.767    15.767  2 53008.44899711 22.292
 24 146.069158  68.517070    44.342    44.342  2 53043.44895470 10.717
 25 146.087662  68.516499    63.225    63.039  3 53078.44898740  2.847
 29 146.090685  68.515481    24.073    24.071  3 53218.44902511 18.816
 30 146.099339  68.516387    21.694    20.381  4 53253.44900261 43.397
 34 146.073000  68.515860    15.593    15.593  2 53393.44896119 21.022
 36 146.076655  68.515719    37.845    24.114  3 53463.44897553  6.427
 37 146.078559  68.515754    17.728    17.746  3 53498.44904509 13.911
 39 146.087345  68.515710    23.239    22.627  4 53568.44904516 20.615
 40 146.105176  68.515359    24.322    24.384  3 53603.44899036 37.136
 41 146.070569  68.516835    20.553    20.835  3 53638.44898992 44.082
 42 146.080437  68.515671    17.231    17.117  3 53673.44900978 27.178
 45 146.091525  68.515436    54.048    62.226  4 53778.44887898  8.990
 46 146.109963  68.518180    20.975    21.102  3 53813.44885344 11.584
 47 146.071885  68.516715    63.436    64.147  3 53848.44891151  3.273
 49 146.078503  68.517097    24.134    24.232  3 53918.44899261 27.773
 54 146.103646  68.515530    37.256    24.188  3 54093.44894664  9.599
 55 146.071233  68.516727    45.375    45.375  2 54128.44888616  8.811
 56 146.091674  68.516227    49.642    61.902  3 54163.44891690  9.380
 57 146.075847  68.517115    24.803    25.072  3 54198.44888855  7.683
 58 146.086065  68.514797    16.050    15.383  3 54233.44893063 21.630
 60 146.089436  68.516173    22.639    22.649  4 54303.44895338 41.028
 62 146.081852  68.516223    41.479    41.535  3 54373.44888701 20.362
 63 146.089916  68.516444    16.799    16.834  3 54408.44888408 29.286
 64 146.070136  68.516931    17.130    17.130  2 54443.44884851 18.137
 65 146.090163  68.515807    54.512    63.010  4 54478.44887348  4.643
 66 146.073583  68.516412    64.654    64.654  2 54513.44886329  1.170
 67 146.095216  68.516279    53.253    62.001  4 54548.44888715  3.735
 73 146.091816  68.514922    48.760    48.760  2 54758.44885487 12.251
 75 146.089285  68.513683    35.807    23.846  3 54828.44885335 10.731
 77 146.091988  68.515974    17.140    16.142  4 54898.44885338 16.084
 78 146.079889  68.515695    15.673    15.511  3 54933.44882080 16.009
 79 146.087564  68.516252    19.195    17.683  4 54968.44885490 29.117
 81 146.089846  68.516458    21.413    21.380  3 55038.44886147 43.125
 82 146.097595  68.515442    20.753    20.743  4 55073.44884626 42.663
 83 146.075603  68.516502    18.444    18.263  3 55108.44879416 40.656
 84 146.090823  68.516090    16.848    16.774  4 55143.44879799 22.218
 85 146.070774  68.516664    65.168    65.168  2 55178.44876728  3.858
 86 146.091703  68.514453    64.821    64.821  2 55213.44879234  5.726
 87 146.080001  68.515973    64.992    64.992  2 55248.44876690  2.645
 88 146.094494  68.515311    63.003    62.993  3 55283.44878625  3.928
 91 146.076031  68.515664    22.722    22.722  2 55388.44875720 30.391
 92 146.091109  68.515578    21.560    21.562  3 55423.44877679 40.919
