-124984.015   526.008     0.00   25.09
-124617.488   537.049    30.12   16.92
-124250.886   531.247   -15.82   23.82
-123884.207   512.654   -50.70   33.98
-123517.452   491.213   -58.45   33.51
-123150.621   473.429   -48.48   25.91
-122783.714   461.023   -33.81   25.76
-122416.730   452.882   -22.18   29.40
-122049.670   438.539   -39.07   38.79
-121682.533   423.848   -40.01   40.85
-121315.320   402.949   -56.91   39.35
-120948.031   390.865   -32.90   34.69
-120580.665   373.816   -46.41   27.69
-120213.222   358.291   -42.25   21.72
-119845.702   344.313   -38.03   19.93
-119478.106   328.202   -43.82   22.37
-119110.433   315.616   -34.23   17.58
-118742.684   304.116   -31.27   16.85
-118374.857   291.705   -33.74   19.16
-118006.954   283.897   -21.22   19.53
-117638.973   277.559   -17.22   22.20
-117270.916   272.907   -12.64   22.29
-116902.782   274.164     3.41   25.35
-116534.570   288.072    37.77   38.83
-116166.281   317.986    81.22   44.11
-115797.916   346.452    77.27   35.99
-115429.472   355.631    24.91   30.70
-115060.952   352.805    -7.67   30.86
-114692.354   337.760   -40.81   33.10
-114323.679   323.872   -37.67   31.79
-113954.927   307.349   -44.80   24.50
-113586.097   296.909   -28.30   21.72
-113217.189   284.050   -34.85   21.65
-112848.204   269.987   -38.11   23.50
-112479.141   255.931   -38.08   16.56
-112110.001   247.105   -23.91   10.44
-111740.783   243.083   -10.89    9.64
-111371.487   240.736    -6.35   12.47
-111002.113   241.655     2.49   13.67
-110632.662   243.111     3.94   14.01
-110263.132   244.830     4.65   12.58
-109893.525   244.402    -1.16    8.84
-109523.839   242.064    -6.32    6.57
-109154.076   239.430    -7.12    3.67
-108784.234   239.316    -0.31    4.08
-108414.314   241.659     6.33    8.15
-108044.316   248.879    19.51   13.13
-107674.240   259.681    29.19   15.85
-107304.085   267.600    21.39   13.71
-106933.852   272.128    12.23   12.86
-106563.541   273.655     4.12   13.20
-106193.151   275.653     5.40   15.53
-105822.683   283.728    21.80   17.75
-105452.136   291.827    21.85   15.54
-105081.510   301.316    25.60   14.76
-104710.806   308.447    19.24   18.75
-104340.023   313.039    12.38   24.90
-103969.162   320.631    20.47   31.15
-103598.221   324.851    11.38   35.50
-103227.202   325.806     2.57   41.17
-102856.104   319.690   -16.48   45.80
-102484.927   301.236   -49.71   53.24
-102113.671   274.334   -72.46   57.77
-101742.335   242.570   -85.53   54.17
-101370.921   220.684   -58.92   36.03
-100999.428   220.351    -0.90   33.24
-100627.855   238.844    49.77   43.51
-100256.203   268.939    80.97   42.93
 -99884.472   290.312    57.49   39.03
 -99512.662   309.063    50.43   40.31
 -99140.772   314.013    13.31   45.07
 -98768.802   321.213    19.36   51.78
 -98396.753   320.184    -2.77   57.07
 -98024.625   317.223    -7.96   64.51
 -97652.417   308.201   -24.24   70.12
 -97280.129   300.760   -19.99   72.76
 -96907.762   285.848   -40.04   73.00
 -96535.315   276.868   -24.11   72.73
 -96162.788   264.570   -33.01   68.93
 -95790.181   254.858   -26.06   65.97
 -95417.494   238.346   -44.30   60.93
 -95044.727   224.703   -36.60   60.47
 -94671.881   205.550   -51.37   55.40
 -94298.954   183.786   -58.36   43.62
 -93925.947   164.851   -50.76   24.42
 -93552.860   157.111   -20.74   11.81
 -93179.693   155.673    -3.85    7.24
 -92806.445   155.038    -1.70    6.85
 -92433.117   152.762    -6.10    5.86
 -92059.709   151.882    -2.36    5.24
 -91686.221   151.128    -2.02    5.24
 -91312.652   150.569    -1.50    5.20
 -90939.002   150.770     0.54    5.41
 -90565.272   150.716    -0.15    5.26
 -90191.461   150.476    -0.64    5.55
 -89817.569   150.802     0.87    7.60
 -89443.597   150.903     0.27    7.85
 -89069.544   148.002    -7.76    8.29
 -88695.410   143.886   -11.00    8.88
 -88321.196   138.289   -14.96    8.20
 -87946.900   133.671   -12.34    5.48
 -87572.523   131.462    -5.90    5.44
 -87198.066   131.064    -1.06    6.68
 -86823.527   130.876    -0.50    6.70
 -86448.907   128.831    -5.46    5.90
 -86074.206   126.496    -6.23    5.74
 -85699.424   124.008    -6.64    6.12
 -85324.560   122.452    -4.15    5.21
 -84949.615   122.404    -0.13    4.72
 -84574.589   124.686     6.08    5.03
 -84199.481   128.757    10.85    5.73
 -83824.292   133.260    12.00    7.41
 -83449.021   136.426     8.44    9.17
 -83073.668   135.970    -1.21   11.66
 -82698.234   131.722   -11.32   12.19
 -82322.718   129.353    -6.31    9.72
 -81947.120   129.623     0.72    6.98
 -81571.441   133.425    10.12    8.00
 -81195.680   137.118     9.83    5.14
 -80819.836   135.257    -4.95    6.80
 -80443.911   130.549   -12.52    8.58
 -80067.904   125.946   -12.24    8.61
 -79691.814   120.658   -14.06    7.78
 -79315.643   116.899    -9.99    5.55
 -78939.389   116.718    -0.48    5.51
 -78563.053   120.569    10.23    9.15
 -78186.635   127.224    17.68   11.62
 -77810.134   134.069    18.18    9.12
 -77433.551   136.254     5.80    7.10
 -77056.885   132.425   -10.17    9.45
 -76680.137   124.387   -21.33    9.89
 -76303.307   116.760   -20.24    8.55
 -75926.394   112.876   -10.30    6.13
 -75549.398   112.538    -0.90    5.56
 -75172.319   113.386     2.25    5.01
 -74795.158   113.417     0.08    4.48
 -74417.914   112.050    -3.62    3.95
 -74040.586   110.724    -3.51    2.99
 -73663.176   109.174    -4.11    3.12
 -73285.683   107.740    -3.80    4.04
 -72908.107   106.528    -3.21    3.77
 -72530.448   104.079    -6.49    4.91
 -72152.706   101.404    -7.08    4.77
 -71774.880    99.278    -5.63    3.93
 -71396.971    97.851    -3.78    3.64
 -71018.979    97.147    -1.86    4.34
 -70640.903    96.560    -1.55    4.66
 -70262.744    95.140    -3.75    4.28
 -69884.502    94.578    -1.49    4.06
 -69506.176    93.589    -2.61    3.81
 -69127.766    93.018    -1.51    3.93
 -68749.273    91.793    -3.24    3.78
 -68370.696    90.126    -4.40    3.68
 -67992.035    88.332    -4.74    3.36
 -67613.291    86.212    -5.60    3.93
 -67234.463    82.992    -8.50    3.96
 -66855.550    80.028    -7.82    4.09
 -66476.554    77.033    -7.90    3.75
 -66097.474    74.732    -6.07    3.43
 -65718.309    72.381    -6.20    4.59
 -65339.061    71.013    -3.61    5.77
 -64959.728    69.760    -3.30    5.83
 -64580.311    68.837    -2.43    4.73
 -64200.810    68.332    -1.33    3.66
 -63821.224    68.763     1.13    3.79
 -63441.554    68.781     0.05    3.67
 -63061.799    68.926     0.38    3.64
 -62681.960    68.114    -2.14    3.19
 -62302.037    67.099    -2.67    2.62
 -61922.028    66.476    -1.64    2.80
 -61541.935    64.620    -4.88    2.18
 -61161.757    63.028    -4.19    2.31
 -60781.495    61.661    -3.60    2.73
 -60401.147    60.661    -2.63    2.64
 -60020.715    59.105    -4.09    3.53
 -59640.198    57.265    -4.84    3.87
 -59259.595    55.691    -4.14    3.53
 -58878.908    54.194    -3.93    2.57
 -58498.135    52.982    -3.19    1.87
 -58117.277    52.095    -2.33    1.89
 -57736.334    50.763    -3.50    2.04
 -57355.306    49.153    -4.22    2.53
 -56974.192    47.518    -4.29    2.63
 -56592.993    45.885    -4.28    3.35
 -56217.421    44.395    -3.97    3.74
 -55852.341    43.305    -2.99    3.38
 -55487.183    42.498    -2.21    3.05
 -55121.948    42.583     0.23    2.97
 -54756.636    43.619     2.84    2.35
 -54391.247    45.002     3.79    2.47
 -54025.780    46.997     5.46    3.83
 -53660.237    48.793     4.91    4.79
 -53294.615    49.456     1.81    5.73
 -52928.917    49.154    -0.83    6.52
 -52563.140    47.303    -5.06    6.66
 -52197.287    43.922    -9.24    6.61
 -51831.355    42.580    -3.67    5.55
 -51465.346    43.079     1.36    6.20
 -51099.260    45.236     5.89    7.92
 -50733.095    48.312     8.40    7.61
 -50366.853    48.038    -0.75    8.51
 -50000.533    45.496    -6.94   10.51
 -49634.135    41.818   -10.04    9.57
 -49267.659    37.858   -10.80    6.91
 -48901.105    35.150    -7.39    5.26
 -48534.473    33.382    -4.82    4.19
 -48167.763    31.952    -3.90    3.91
 -47800.975    30.824    -3.08    3.65
 -47434.109    28.926    -5.17    3.49
 -47067.164    27.640    -3.50    3.44
 -46700.141    26.137    -4.09    3.42
 -46333.040    24.296    -5.02    3.53
 -45965.860    23.111    -3.22    3.11
 -45598.602    22.701    -1.12    2.69
 -45231.266    24.273     4.28    3.88
 -44863.851    26.966     7.33    5.47
 -44496.357    27.768     2.18    5.08
 -44128.785    27.192    -1.57    5.36
 -43761.134    24.598    -7.06    5.71
 -43393.404    22.339    -6.14    4.08
 -43025.596    21.290    -2.85    3.03
 -42657.709    21.559     0.73    3.13
 -42289.742    21.039    -1.42    2.99
 -41921.697    19.858    -3.21    2.92
 -41553.573    18.820    -2.82    3.23
 -41185.370    16.669    -5.84    3.61
 -40817.088    13.844    -7.67    2.95
 -40448.727    12.164    -4.56    2.80
 -40080.286    11.830    -0.91    2.99
 -39711.766    13.130     3.53    3.85
 -39343.167    15.235     5.71    4.73
 -38974.489    17.698     6.68    4.33
 -38605.731    19.641     5.27    2.84
 -38236.894    20.059     1.13    2.47
 -37867.977    18.912    -3.11    2.75
 -37498.981    17.433    -4.01    2.18
 -37129.905    17.168    -0.72    2.03
 -36760.750    16.861    -0.83    2.06
 -36391.514    17.083     0.60    1.94
 -36022.199    17.802     1.95    1.80
 -35652.805    18.218     1.13    1.75
 -35283.330    18.348     0.35    1.40
 -34913.776    18.320    -0.08    1.65
 -34544.141    18.397     0.21    2.28
 -34174.427    18.833     1.18    2.76
 -33804.632    18.079    -2.04    3.14
 -33434.758    16.648    -3.87    3.88
 -33064.803    15.376    -3.44    3.69
 -32694.768    14.691    -1.85    3.50
 -32324.653    15.385     1.87    4.53
 -31954.457    16.763     3.72    4.38
 -31584.182    17.875     3.00    3.75
 -31213.825    16.958    -2.48    4.14
 -30843.388    15.202    -4.74    2.96
 -30472.871    14.998    -0.55    3.47
 -30102.273    16.507     4.07    5.09
 -29731.595    19.865     9.06    6.49
 -29360.836    22.916     8.23    5.69
 -28989.996    24.003     2.93    3.95
 -28619.075    23.316    -1.85    4.64
 -28248.074    20.806    -6.76    5.06
 -27876.991    18.932    -5.05    4.14
 -27505.828    18.110    -2.22    3.87
 -27134.584    18.338     0.61    3.91
 -26763.258    18.401     0.17    3.59
 -26391.852    17.828    -1.54    3.27
 -26020.364    17.898     0.19    2.68
 -25648.796    16.946    -2.56    3.02
 -25277.146    15.907    -2.80    3.31
 -24905.414    14.912    -2.68    2.82
 -24533.602    13.881    -2.77    2.17
 -24161.708    14.457     1.55    3.00
 -23789.732    16.599     5.76    4.41
 -23417.675    18.427     4.91    5.67
 -23045.536    20.188     4.73    7.29
 -22673.316    20.202     0.04    8.60
 -22301.014    17.043    -8.48    8.81
 -21928.631    13.148   -10.46    5.17
 -21556.165    13.208     0.16    3.78
 -21183.618    14.550     3.60    4.12
 -20810.989    15.708     3.11    3.55
 -20438.278    16.732     2.75    2.80
 -20065.485    15.222    -4.05    3.90
 -19692.609    13.445    -4.77    3.94
 -19319.652    12.018    -3.83    3.67
 -18946.613    11.760    -0.69    3.65
 -18573.491    13.844     5.59    4.50
 -18200.287    15.967     5.69    3.66
 -17827.001    16.382     1.11    3.39
 -17453.633    16.528     0.39    3.38
 -17080.182    17.039     1.37    4.64
 -16706.648    18.868     4.90    6.35
 -16333.032    20.605     4.65    6.06
 -15959.334    19.498    -2.96    5.45
 -15585.553    18.497    -2.68    3.52
 -15211.689    17.875    -1.66    2.85
 -14837.742    16.497    -3.68    3.33
 -14463.713    14.728    -4.73    3.15
 -14089.600    13.590    -3.04    2.03
 -13715.405    15.278     4.51    3.96
 -13341.127    19.013     9.98    6.54
 -12966.766    25.416    17.10    9.63
 -12592.322    31.478    16.19   10.35
 -12217.794    36.312    12.91    7.86
 -11843.184    37.528     3.25    6.98
 -11468.490    35.379    -5.73    8.72
 -11093.713    28.577   -18.15    9.55
 -10718.853    21.170   -19.76    8.33
 -10343.909    13.617   -20.14    9.28
  -9968.881     8.381   -13.96    7.78
  -9593.771     5.988    -6.38    7.08
  -9218.576     5.806    -0.48    6.85
  -8843.298     6.042     0.63    6.04
  -8467.937     6.293     0.67    6.04
  -8092.491     4.932    -3.63    5.39
  -7716.962     4.678    -0.68    4.55
  -7341.349     4.718     0.11    3.54
  -6965.652     5.798     2.87    3.08
  -6589.871     6.477     1.81    2.79
  -6214.006     6.738     0.69    3.08
  -5838.057     6.916     0.47    2.89
  -5462.024     7.248     0.88    2.86
  -5085.907     6.827    -1.12    2.96
  -4709.706     6.028    -2.12    3.12
  -4333.420     5.061    -2.57    3.04
  -3957.050     4.048    -2.69    2.46
  -3580.595     3.299    -1.99    3.01
  -3204.056     4.086     2.09    3.32
  -2827.433     4.605     1.38    2.68
  -2450.725     4.871     0.71    2.49
  -2073.932     5.150     0.74    3.22
  -1697.055     3.638    -4.01    3.66
  -1320.093     1.742    -5.03    3.84
   -943.046     0.477    -3.35    3.43
   -565.914     0.008    -1.25    4.35
   -188.697     0.688     1.80    4.62
    188.604     2.648     5.19    5.04
    565.991     4.098     3.84    5.11
    943.463     5.064     2.56    4.68
   1321.019     5.168     0.27    4.25
   1698.661     6.088     2.44    4.73
   2076.389     8.912     7.48    7.49
   2454.201    11.785     7.61    7.24
   2832.099    10.854    -2.46    8.60
   3210.082     7.518    -8.83    9.75
   3588.151     0.742   -17.92    6.35
   3966.306    -2.132    -7.60    3.23
   4344.545    -1.132     2.65    4.71
   4722.871     3.361    11.88    9.31
   5101.282     9.581    16.44   10.39
   5479.779    12.241     7.03    8.19
   5858.362    13.960     4.54    6.27
   6237.031    11.835    -5.61    5.36
   6615.786     8.811    -7.98    4.35
   6994.626     6.498    -6.11    5.20
   7373.553     4.195    -6.08    5.34
   7752.566     4.890     1.83    5.40
   8131.665     7.148     5.96    4.41
   8510.850     8.052     2.38    3.49
   8890.121     8.161     0.29    2.90
   9269.479     8.122    -0.10    2.85
   9648.923     8.539     1.10    2.83
  10028.454     9.231     1.82    2.79
  10408.071     8.899    -0.87    2.76
  10787.775     9.008     0.29    2.66
  11167.565     8.781    -0.60    3.27
  11547.442     8.106    -1.78    3.29
  11927.406     7.188    -2.42    3.40
  12307.457     7.988     2.10    4.67
  12687.594    10.150     5.69    6.08
  13067.818    12.273     5.58    5.80
  13448.130    13.069     2.09    5.02
  13828.528    13.211     0.37    4.96
  14209.014    13.018    -0.51    5.33
  14589.586    13.596     1.52    5.28
  14970.246    14.801     3.16    5.16
  15350.993    16.666     4.90    4.20
  15731.828    17.912     3.27    4.07
  16112.749    17.938     0.07    4.16
  16493.759    17.023    -2.40    3.77
  16874.856    17.328     0.80    3.68
  17256.040    17.728     1.05    3.93
  17637.312    17.048    -1.78    4.30
  18018.672    16.871    -0.46    4.45
  18400.119    16.788    -0.22    4.67
  18765.079    18.728     5.32    4.51
  19129.999    21.316     7.09    5.08
  19494.997    23.943     7.20    4.56
  19860.074    26.300     6.46    3.73
  20225.231    27.755     3.98    5.63
  20590.466    27.528    -0.62    6.82
  20955.781    27.948     1.15    7.31
  21321.175    27.568    -1.04    6.67
  21686.648    25.824    -4.77    4.73
  22052.200    24.508    -3.60    4.81
  22417.831    23.074    -3.92    5.13
  22783.542    18.745   -11.84    7.30
  23149.333    15.245    -9.57    8.04
  23515.203    13.408    -5.02    8.15
  23881.152    12.666    -2.03    7.66
  24247.181    12.786     0.33    6.12
  24613.290    14.312     4.17    3.62
  24979.479    14.324     0.03    2.18
  25345.747    14.646     0.88    2.80
  25712.095    14.932     0.78    2.80
  26078.522    12.168    -7.54    6.08
  26445.030     8.086   -11.14    7.56
  26811.618     3.351   -12.92    6.00
  27178.285     0.557    -7.62    3.00
  27545.033    -0.482    -2.83    0.00
  27911.861    -0.482     0.00    0.00
  28278.769    -0.482     0.00    0.00
  28645.757    -0.282     0.54    0.55
  29012.826     0.292     1.57    1.30
  29379.974     1.578     3.50    2.27
  29747.204     2.939     3.71    2.52
  30114.513     4.432     4.06    2.10
  30481.903     5.369     2.55    1.96
  30849.374     6.548     3.21    2.02
  31216.925     7.597     2.85    1.91
  31584.557     8.250     1.78    1.90
  31952.269     9.008     2.06    1.54
  32320.062     9.037     0.08    1.74
  32687.936     8.548    -1.33    1.80
  33055.891     7.733    -2.21    1.93
  33423.927     6.902    -2.26    1.91
  33792.044     6.260    -1.74    1.81
  34160.241     6.508     0.67    2.10
  34528.520     6.498    -0.03    2.15
  34896.880     6.047    -1.22    2.26
  35265.321     5.268    -2.12    2.20
  35633.843     6.331     2.89    2.98
  36002.447     9.373     8.25    6.08
  36371.131    14.755    14.60    8.40
  36739.897    18.818    11.02    7.22
  37108.745    20.775     5.31    5.54
  37477.674    17.380    -9.20    8.31
  37846.685    11.033   -17.20    9.05
  38215.777     5.419   -15.21    6.27
  38584.951     2.226    -8.65    3.46
  38954.206     1.528    -1.89    2.82
  39323.544     1.538     0.03    2.67
  39692.963     2.763     3.32    3.19
  40062.463     4.566     4.88    4.37
  40432.046     6.828     6.12    5.90
  40801.711     9.067     6.06    5.60
  41171.458    10.905     4.97    4.99
  41541.287    10.459    -1.20    4.37
  41911.198     9.871    -1.59    3.72
  42281.191    10.086     0.58    3.49
  42651.266    10.658     1.54    3.38
  43021.424    12.132     3.98    3.18
  43391.664    14.656     6.82    3.89
  43761.987    15.698     2.81    4.28
  44132.391    12.910    -7.53    6.35
  44502.879     9.954    -7.98    7.09
  44873.449     8.184    -4.78    6.26
  45244.101     7.924    -0.70    5.54
  45614.837    10.322     6.47    6.29
  45985.655    11.922     4.32    6.13
  46356.555    10.808    -3.00    7.29
  46727.539     8.358    -6.60    8.21
  47098.605     4.599   -10.13    7.40
  47469.755     1.292    -8.91    4.20
  47840.987    -0.370    -4.48    0.61
  48212.303    -0.463    -0.25    0.14
  48583.701    -0.301     0.43    0.72
  48955.183     1.890     5.90    4.42
  49326.748     6.740    13.05    8.28
  49698.396    12.616    15.81    9.07
  50070.127    17.528    13.21    7.71
  50441.942    22.568    13.56    5.30
  50813.841    24.645     5.59    5.61
  51185.823    26.435     4.81    5.23
  51557.888    25.753    -1.83    5.27
  51930.037    25.252    -1.35    4.74
  52302.270    24.566    -1.84    4.94
  52674.586    23.487    -2.90    5.37
  53046.986    22.351    -3.05    4.98
  53419.470    24.052     4.57    6.05
  53792.038    27.950    10.46    7.60
  54164.690    32.312    11.70    7.56
  54537.426    36.598    11.50    4.77
  54910.246    36.939     0.92    4.62
  55283.150    34.424    -6.75    7.26
  55656.138    30.819    -9.67    7.96
  56029.210    27.518    -8.85    6.76
  56402.367    24.935    -6.92    5.83
  56775.608    23.219    -4.60    5.24
  57148.933    20.341    -7.71    4.67
  57522.343    18.498    -4.94    3.89
  57895.837    17.400    -2.94    3.50
  58269.416    16.071    -3.56    2.97
  58643.080    15.122    -2.54    3.51
  59016.828    14.763    -0.96    3.92
  59390.661    15.083     0.86    3.86
  59764.579    15.459     1.01    3.02
  60138.581    16.140     1.82    2.73
  60512.669    16.566     1.14    2.92
  60886.841    16.044    -1.40    3.28
  61261.098    15.694    -0.93    3.42
  61635.441    15.285    -1.09    3.49
  62009.869    16.654     3.65    4.09
  62384.381    18.904     6.01    5.35
  62758.979    22.243     8.91    6.65
  63133.663    26.201    10.56    5.53
  63508.432    26.805     1.61    6.13
  63883.286    21.890   -13.11   11.07
  64258.225    14.326   -20.18   11.34
  64633.251     8.282   -16.12    8.71
  65008.361     3.895   -11.70    1.71
  65383.558     3.518    -1.01    0.00
  65758.840     3.518     0.00    0.00
  66134.208     3.518     0.00    0.00
  66509.661     3.518     0.00    0.00
  66885.201     3.518     0.00    0.00
  67260.827     3.518     0.00    0.00
  67636.538     3.518     0.00    0.00
  68012.336     3.518     0.00    0.00
  68388.219     3.861     0.91    1.38
  68764.189     4.998     3.02    3.43
  69140.245     7.468     6.57    5.36
  69516.388    10.233     7.35    5.89
  69892.616    13.689     9.19    6.19
  70268.932    19.129    14.46    8.00
  70645.333    24.823    15.13    8.60
  71021.821    28.304     9.25    7.56
  71398.396    29.385     2.87    6.30
  71775.057    27.028    -6.26    7.17
  72151.805    23.099   -10.43    6.19
  72528.640    22.527    -1.52    5.30
  72905.562    23.738     3.21    6.49
  73282.570    24.285     1.45    7.81
  73659.666    22.518    -4.69    9.05
  74036.848    19.896    -6.95    8.54
  74414.118    16.488    -9.03    6.64
  74791.475    15.518    -2.57    6.74
  75168.918    16.656     3.02    7.01
  75546.449    17.479     2.18    7.16
  75924.068    15.120    -6.25    7.64
  76301.773    12.469    -7.02    5.97
  76679.567    10.809    -4.39    4.41
  77057.447    11.608     2.11    4.47
  77435.415    13.970     6.25    4.47
  77813.471    16.789     7.46    3.98
  78191.614    19.318     6.69    3.56
  78569.845    20.579     3.33    3.81
  78948.164    21.547     2.56    4.42
  79326.571    22.405     2.27    4.30
  79705.066    24.075     4.41    4.24
  80083.648    23.992    -0.22    4.50
  80462.319    21.263    -7.21    5.90
  80841.077    18.038    -8.51    5.11
  81219.924    15.691    -6.20    3.06
  81598.859    15.831     0.37    2.96
  81977.882    16.450     1.63    3.19
  82356.994    16.854     1.07    3.28
  82736.194    17.390     1.41    2.84
  83115.482    18.429     2.74    2.56
  83494.859    18.645     0.57    3.25
  83874.324    17.498    -3.02    4.20
  84253.878    16.683    -2.15    4.46
  84633.521    15.662    -2.69    4.53
  85013.253    13.448    -5.83    4.86
  85393.073    12.753    -1.83    4.64
  85772.982    13.318     1.49    4.72
  86152.980    13.615     0.78    4.50
  86533.067    14.929     3.46    3.72
  86913.243    14.168    -2.00    3.66
  87293.508    14.241     0.19    3.70
  87673.863    15.662     3.74    3.94
  88054.306    16.631     2.55    4.04
  88434.839    17.935     3.43    3.19
  88815.462    18.085     0.39    2.19
  89196.173    16.268    -4.77    3.05
  89576.975    14.916    -3.55    2.55
  89957.865    14.673    -0.64    2.68
  90338.846    15.354     1.79    2.94
  90719.916    16.191     2.19    2.38
  91101.076    16.320     0.34    2.31
  91482.325    14.471    -4.85    3.23
  91863.665    12.099    -6.22    3.60
  92245.094    10.663    -3.77    3.02
  92626.613    11.089     1.12    4.11
  93008.223    13.430     6.14    5.08
  93379.184    14.248     2.20    4.42
  93743.861    14.683     1.19    3.98
  94108.619    14.998     0.86    3.43
  94473.458    15.439     1.21    3.62
  94838.378    15.813     1.03    3.52
  95203.379    15.589    -0.61    3.09
  95568.460    14.623    -2.65    3.22
  95933.623    13.459    -3.19    2.42
  96298.866    12.518    -2.58    1.55
  96664.191    12.066    -1.24    1.81
  97029.596    12.424     0.98    2.14
  97395.083    13.232     2.21    3.29
  97760.652    13.449     0.59    4.55
  98126.301    14.681     3.37    5.45
  98492.032    16.327     4.50    6.21
  98857.844    18.918     7.08    7.06
  99223.738    23.518    12.57    8.22
  99589.713    29.247    15.66    6.83
  99955.769    34.380    14.02    6.73
 100321.908    37.809     9.36    6.04
 100688.128    37.955     0.40    7.19
 101054.429    33.848   -11.21    8.93
 101420.813    30.518    -9.09    8.52
 101787.278    29.091    -3.89    6.38
 102153.825    30.478     3.79    6.75
 102520.454    35.615    14.01    8.46
 102887.165    41.194    15.22    8.31
 103253.959    45.888    12.80    7.07
 103620.834    45.873    -0.04    7.49
 103987.791    43.538    -6.36    9.41
 104354.831    40.184    -9.14    8.45
 104721.953    39.645    -1.47    7.27
 105089.157    44.085    12.09    9.90
 105456.444    48.239    11.31    7.98
 105823.813    48.023    -0.59    8.70
 106191.264    44.152   -10.53   10.36
 106558.798    42.940    -3.30    9.84
 106926.415    48.787    15.91   14.82
 107294.114    56.489    20.95   14.74
 107661.896    62.450    16.21   10.58
 108029.761    62.825     1.02    9.29
 108397.709    58.248   -12.44    7.44
 108765.739    54.018   -11.49    3.99
 109133.853    50.263   -10.20    7.23
 109502.049    44.724   -15.04   10.14
 109870.328    40.848   -10.52    8.37
 110238.691    39.845    -2.72    7.22
 110607.137    43.061     8.73   10.50
 110975.665    48.275    14.15   10.25
 111344.278    51.394     8.46   10.35
 111712.973    52.538     3.10   10.44
 112081.752    50.527    -5.45    9.30
 112450.614    49.333    -3.24    8.58
 112819.560    48.969    -0.99    8.69
 113188.589    51.052     5.64    9.02
 113557.702    54.688     9.85    8.37
 113926.899    58.916    11.45    6.88
 114296.179    61.834     7.90    5.46
 114665.543    61.797    -0.10    6.98
 115034.991    64.139     6.34   10.73
 115404.523    67.294     8.54   12.19
 115774.138    68.989     4.58   12.31
 116143.838    70.241     3.39   13.06
 116513.622    70.737     1.34   13.03
 116883.490    71.303     1.53   11.94
 117253.442    69.777    -4.13   12.58
 117623.478    70.145     0.99   12.30
 117993.598    68.337    -4.89   11.48
 118363.803    68.889     1.49   10.71
 118734.092    70.149     3.40    8.18
 119104.466    67.873    -6.14    9.58
 119474.924    57.865   -27.02   15.15
 119845.467    45.499   -33.37   17.77
 120216.094    34.293   -30.24   13.96
 120586.807    27.383   -18.64    7.66
 120957.603    25.248    -5.76    5.26
 121328.485    26.651     3.78    5.09
 121699.451    27.565     2.46    5.54
 122070.503    27.963     1.07    6.65
 122441.639    28.708     2.01    8.13
 122812.860    30.579     5.04   10.82
 123184.167    32.345     4.76   12.85
 123555.558    36.275    10.58   13.96
 123927.035    41.091    12.96   12.97
 124298.597    44.392     8.88   10.30
 124670.245    44.537     0.39   10.49
 125041.977    43.854    -1.84   10.40
 125413.795    41.498    -6.34    9.63
 125785.699    41.480    -0.05    8.68
 126157.688    44.681     8.61    7.61
 126529.763    50.144    14.68    9.90
 126901.923    56.741    17.73   10.65
 127274.170    61.584    13.01    7.66
 127646.502    62.675     2.93    8.44
 128018.919    61.979    -1.87    9.31
 128391.423    61.603    -1.01    8.97
 128764.013    61.808     0.55    7.82
 129136.688    60.612    -3.21    7.95
 129509.450    59.303    -3.51    8.05
 129882.298    59.518     0.57    7.51
 130255.232    62.027     6.73    8.20
 130628.252    66.499    11.99    7.60
 131001.359    70.603    11.00    5.14
 131374.552    71.902     3.48    3.24
 131747.832    72.527     1.67    3.55
 132121.198    74.263     4.65    4.56
 132494.650    76.923     7.12    5.83
 132868.189    80.938    10.75    6.15
 133241.815    84.842    10.45    4.72
 133615.527    88.880    10.81    6.93
 133989.327    96.518    20.43   11.72
 134363.213   105.710    24.59   15.76
 134737.186   116.197    28.04   16.88
 135111.246   124.651    22.60   16.79
 135485.393   132.066    19.82   16.92
 135859.627   138.810    18.02   17.40
 136233.948   144.750    15.87   18.56
 136608.357   148.008     8.70   19.60
 136982.852   153.385    14.36   18.98
 137357.435   154.280     2.39   17.97
 137732.106   152.409    -4.99   17.88
 138106.864   143.708   -23.22   17.27
 138481.709   139.294   -11.78   13.59
 138856.642   136.537    -7.36   11.17
 139231.663   135.270    -3.38   13.68
 139606.771   133.964    -3.48   18.45
 139981.967   127.669   -16.78   21.90
 140357.251   119.973   -20.51   22.02
 140732.623   111.642   -22.20   17.49
 141108.082   104.834   -18.13   12.91
 141483.630   100.357   -11.92   10.21
 141859.266    94.112   -16.63   10.74
 142234.989    83.854   -27.30   13.78
 142610.801    74.188   -25.72   13.61
 142986.702    67.956   -16.58   12.04
 143362.690    64.787    -8.43   13.11
 143738.767    64.178    -1.62   14.31
 144114.932    63.308    -2.31   14.20
 144491.186    62.605    -1.87   12.87
 144867.529    60.699    -5.07   11.37
 145243.960    58.191    -6.66   11.38
 145620.479    52.999   -13.79   10.99
