-126150.893    30.031     0.00    7.36
-125771.341    27.297    -7.20    8.33
-125391.881    28.343     2.76    9.21
-125012.514    29.413     2.82    9.32
-124633.239    29.818     1.07    9.73
-124254.056    27.575    -5.92    9.96
-123874.965    22.677   -12.92    8.31
-123495.966    17.285   -14.23    6.89
-123117.059    13.095   -11.06    5.80
-122738.245     9.913    -8.40    5.94
-122359.522     8.248    -4.40    5.08
-121980.891     8.990     1.96    6.32
-121602.352     9.367     0.99    6.23
-121223.904    11.919     6.75    6.28
-120845.548    15.422     9.26    7.64
-120467.284    19.439    10.62    9.83
-120089.111    25.477    15.97   10.08
-119711.029    31.791    16.70   10.63
-119333.039    35.285     9.24    8.99
-118955.141    33.837    -3.83    9.37
-118577.333    29.085   -12.58   10.69
-118199.617    23.285   -15.36    7.88
-117821.991    22.658    -1.66    8.22
-117444.457    29.091    17.04   13.23
-117067.014    37.772    23.00   12.59
-116689.662    46.312    22.63    8.95
-116312.400    52.365    16.05    7.08
-115935.229    58.089    15.18    9.77
-115558.149    64.440    16.84    7.88
-115181.160    66.780     6.21    5.15
-114804.261    65.356    -3.78    5.60
-114427.453    62.584    -7.36    5.18
-114050.735    61.061    -4.04    4.43
-113674.108    60.360    -1.86    4.19
-113297.571    58.911    -3.85    5.11
-112921.124    55.124   -10.06    7.62
-112544.768    52.119    -7.98    9.84
-112168.501    47.804   -11.47   10.60
-111792.325    44.406    -9.03   10.41
-111416.238    45.197     2.10   10.03
-111040.242    49.863    12.41   11.44
-110664.335    56.233    16.95   11.64
-110288.519    62.976    17.94    8.58
-109912.792    64.611     4.35    7.02
-109537.154    59.828   -12.73   11.49
-109161.607    50.444   -24.99   14.13
-108786.149    37.762   -33.78   13.05
-108410.780    25.986   -31.37   13.31
-108035.501    14.603   -30.33   11.22
-107660.311     7.187   -19.77    8.84
-107285.211     2.297   -13.04    3.82
-106910.200     1.519    -2.08    3.64
-106535.278     2.849     3.55    6.61
-106160.445     5.413     6.84    9.20
-105785.701     6.659     3.33   10.28
-105411.046     5.983    -1.80    9.44
-105036.480     4.460    -4.07    7.83
-104662.003     2.557    -5.08    4.50
-104287.615     1.104    -3.88    2.03
-103913.316     0.642    -1.23    1.40
-103539.105     0.201    -1.18    0.96
-103164.983    -0.007    -0.56    0.71
-102790.949    -0.257    -0.67    0.00
-102417.004    -0.257     0.00    0.00
-102043.148    -0.257     0.00    0.00
-101669.379    -0.257     0.00    0.00
-101295.699    -0.257     0.00    0.00
-100922.108    -0.257     0.00    0.00
-100548.604    -0.257     0.00    0.00
-100175.189    -0.257     0.00    0.00
 -99801.862    -0.257     0.00    0.00
 -99428.622    -0.257     0.00    0.00
 -99055.471    -0.257     0.00    0.00
 -98682.407    -0.257     0.00    0.00
 -98309.432    -0.257     0.00    0.00
 -97936.544    -0.257     0.00    0.00
 -97563.744    -0.257     0.00    0.00
 -97191.031    -0.165     0.25    0.41
 -96818.406     0.440     1.62    1.99
 -96445.869     0.460     0.05    2.02
 -96073.419     0.509     0.13    2.01
 -95701.056     0.397    -0.30    1.98
 -95328.781    -0.144    -1.45    0.52
 -94956.593    -0.248    -0.28    0.10
 -94584.492    -0.247     0.00    0.10
 -94212.478    -0.171     0.20    0.37
 -93840.552    -0.158     0.04    0.39
 -93468.712    -0.173    -0.04    0.37
 -93096.960     0.038     0.57    0.66
 -92725.294    -0.029    -0.18    0.59
 -92353.715    -0.033    -0.01    0.59
 -91982.223     0.027     0.16    0.67
 -91610.818    -0.050    -0.21    0.56
 -91239.499    -0.053    -0.01    0.57
 -90868.267    -0.053    -0.00    0.58
 -90497.122    -0.123    -0.19    0.46
 -90126.063    -0.201    -0.21    0.30
 -89755.090    -0.210    -0.03    0.29
 -89384.204    -0.257    -0.13    0.00
 -89013.404    -0.257     0.00    0.00
 -88642.691    -0.257     0.00    0.00
 -88272.063    -0.229     0.07    0.21
 -87901.522    -0.189     0.11    0.32
 -87531.067    -0.173     0.04    0.37
 -87160.698    -0.192    -0.05    0.32
 -86790.414    -0.257    -0.18    0.00
 -86420.217    -0.248     0.03    0.10
 -86050.105    -0.248     0.00    0.10
 -85680.080    -0.389    -0.38    0.39
 -85310.140    -0.418    -0.08    0.42
 -84940.285    -0.419    -0.00    0.42
 -84570.516    -0.333     0.23    0.43
 -84200.833     0.108     1.19    0.94
 -83831.235     0.658     1.49    1.30
 -83461.723     0.773     0.31    1.38
 -83092.296     0.511    -0.71    1.76
 -82722.954    -0.238    -2.03    1.88
 -82353.698    -1.248    -2.74    1.38
 -81984.527    -1.512    -0.72    1.26
 -81615.441    -1.123     1.05    1.53
 -81246.440    -0.407     1.94    1.57
 -80877.524     0.478     2.40    1.30
 -80508.692     0.974     1.35    0.65
 -80139.946     0.962    -0.03    0.64
 -79771.285     0.865    -0.26    0.49
 -79402.708     0.743    -0.33    0.00
 -79034.216     0.743     0.00    0.00
 -78665.809     0.743     0.00    0.00
 -78297.487     0.743     0.00    0.00
 -77929.249     0.743     0.00    0.00
 -77561.095     0.781     0.10    0.19
 -77193.026     0.685    -0.26    0.60
 -76825.041     0.705     0.05    1.27
 -76457.141     0.893     0.51    1.71
 -76089.325     1.079     0.51    2.22
 -75721.593     1.840     2.07    2.80
 -75353.945     2.362     1.42    2.99
 -74986.381     2.858     1.35    2.91
 -74618.902     2.935     0.21    2.52
 -74251.506     2.640    -0.80    1.96
 -73884.194     1.941    -1.90    1.48
 -73516.966     1.286    -1.78    1.17
 -73149.822     0.781    -1.37    0.24
 -72782.762     0.743    -0.10    0.00
 -72415.785     0.743     0.00    0.00
 -72048.892     0.743     0.00    0.00
 -71682.082     0.743     0.00    0.00
 -71315.356     0.743     0.00    0.00
 -70948.714     0.743     0.00    0.00
 -70582.155     0.743     0.00    0.00
 -70215.679     0.743     0.00    0.00
 -69849.287     0.743     0.00    0.00
 -69482.977     0.743     0.00    0.00
 -69116.751     0.743     0.00    0.00
 -68750.609     0.743     0.00    0.00
 -68384.549     0.743     0.00    0.00
 -68018.572     0.743     0.00    0.00
 -67652.678     0.743     0.00    0.00
 -67286.867     0.743     0.00    0.00
 -66921.139     0.743     0.00    0.00
 -66555.494     0.551    -0.53    0.40
 -66189.931     0.324    -0.62    0.50
 -65824.451     0.043    -0.77    0.46
 -65459.054    -0.163    -0.56    0.29
 -65093.739    -0.228    -0.18    0.17
 -64728.507    -0.144     0.23    0.32
 -64363.357    -0.040     0.28    0.41
 -63998.290     0.079     0.33    0.47
 -63633.305     0.209     0.36    0.50
 -63268.402     0.347     0.38    0.49
 -62903.581     0.469     0.34    0.45
 -62538.843     0.479     0.03    0.44
 -62174.187     0.345    -0.37    0.49
 -61809.613     0.148    -0.54    0.49
 -61434.306    -0.125    -0.73    0.34
 -61052.497    -0.257    -0.35    0.00
 -60670.780    -0.257     0.00    0.00
 -60289.154    -0.031     0.59    1.02
 -59907.620     0.743     2.03    2.13
 -59526.178     1.867     2.95    2.49
 -59144.827     2.782     2.40    2.32
 -58763.568     3.629     2.22    1.24
 -58382.400     3.792     0.43    0.64
 -58001.323     3.856     0.17    0.69
 -57620.338     3.801    -0.15    0.72
 -57239.444     3.696    -0.28    0.75
 -56858.641     3.830     0.35    0.73
 -56477.930     3.828    -0.01    0.57
 -56097.309     3.762    -0.17    0.57
 -55716.780     3.743    -0.05    0.58
 -55336.341     3.733    -0.03    0.51
 -54955.993     3.733     0.00    0.43
 -54575.736     3.887     0.40    0.61
 -54195.570     3.927     0.11    0.62
 -53815.494     4.038     0.29    0.81
 -53435.509     4.248     0.55    1.06
 -53055.615     4.309     0.16    0.98
 -52675.811     4.351     0.11    0.99
 -52296.097     4.372     0.06    0.93
 -51916.474     4.218    -0.41    0.80
 -51536.941     4.209    -0.02    0.76
 -51157.498     4.212     0.01    0.90
 -50778.146     4.791     1.53    2.01
 -50398.883     5.253     1.22    2.32
 -50019.711     5.781     1.39    2.44
 -49640.628     7.673     4.99    4.52
 -49261.635    10.299     6.93    6.87
 -48882.733    13.302     7.92    6.90
 -48503.920    15.051     4.62    5.26
 -48125.196    13.820    -3.25    4.75
 -47746.563    11.686    -5.64    4.25
 -47368.019     9.277    -6.36    4.26
 -46989.564     7.524    -4.63    3.18
 -46611.199     7.352    -0.45    2.70
 -46232.924     7.859     1.34    2.59
 -45854.737     8.114     0.67    2.45
 -45476.640     7.966    -0.39    2.46
 -45098.633     6.714    -3.31    2.51
 -44720.714     5.453    -3.34    1.37
 -44342.884     5.554     0.27    1.54
 -43965.144     5.733     0.47    2.34
 -43587.492     6.981     3.30    3.00
 -43209.930     7.855     2.32    3.00
 -42832.456     8.856     2.65    2.49
 -42455.071     9.456     1.59    1.76
 -42077.775     9.281    -0.46    1.86
 -41700.567     8.850    -1.14    1.75
 -41323.448     8.238    -1.62    2.20
 -40946.417     7.464    -2.05    2.59
 -40569.475     6.121    -3.56    2.43
 -40192.622     5.325    -2.11    1.79
 -39815.856     5.174    -0.40    1.42
 -39439.179     5.118    -0.15    1.39
 -39062.591     5.040    -0.21    1.30
 -38686.090     4.733    -0.81    1.20
 -38309.677     4.539    -0.52    1.17
 -37933.353     4.514    -0.07    1.23
 -37557.117     4.620     0.28    1.33
 -37180.968     4.638     0.05    1.54
 -36804.907     4.555    -0.22    1.63
 -36428.935     4.445    -0.29    1.59
 -36053.049     4.607     0.43    1.75
 -35677.252     5.384     2.07    3.34
 -35301.542     7.287     5.06    5.14
 -34925.920     8.954     4.44    5.85
 -34550.385    10.286     3.55    5.92
 -34174.938    11.109     2.19    5.50
 -33799.578    11.318     0.56    4.73
 -33424.305    10.069    -3.33    4.07
 -33049.120     9.413    -1.75    3.66
 -32674.022     9.335    -0.21    3.47
 -32299.011    10.752     3.78    4.01
 -31924.087    12.263     4.03    3.87
 -31549.250    11.924    -0.90    4.08
 -31174.500    11.512    -1.10    4.30
 -30799.837     9.914    -4.26    3.97
 -30425.260     9.009    -2.42    3.29
 -30050.771     9.956     2.53    3.07
 -29676.368    10.403     1.19    2.66
 -29302.052    10.083    -0.86    2.63
 -28927.823    10.215     0.35    2.62
 -28553.680     9.886    -0.88    2.80
 -28179.623     9.438    -1.20    3.31
 -27805.653     9.218    -0.59    3.63
 -27431.769     6.705    -6.72    3.66
 -27057.972     5.995    -1.90    3.40
 -26684.261     6.771     2.08    3.57
 -26310.636     6.943     0.46    3.17
 -25937.097     8.636     4.53    3.57
 -25563.645     9.810     3.14    3.44
 -25190.278    10.278     1.25    3.12
 -24816.997    10.620     0.92    2.91
 -24443.802    10.279    -0.91    2.77
 -24070.693     9.839    -1.18    2.94
 -23697.670     9.782    -0.15    2.75
 -23324.732     9.502    -0.75    2.46
 -22951.880    10.070     1.52    2.81
 -22579.114    10.880     2.17    2.96
 -22206.433    11.060     0.48    3.12
 -21833.838    10.832    -0.61    2.80
 -21461.328    10.599    -0.63    2.28
 -21088.904    10.337    -0.70    2.32
 -20716.565     9.314    -2.75    3.24
 -20344.311     9.376     0.17    3.38
 -19972.142    10.676     3.49    4.02
 -19600.059    11.204     1.42    3.70
 -19228.060    11.449     0.66    3.19
 -18856.147    10.839    -1.64    3.35
 -18484.318    10.178    -1.78    3.11
 -18112.575    10.406     0.61    3.06
 -17740.916    11.076     1.80    2.49
 -17369.342    10.581    -1.33    2.37
 -16997.853    10.426    -0.42    2.16
 -16626.448    10.345    -0.22    2.30
 -16255.128    10.409     0.17    2.72
 -15883.893    11.170     2.05    2.84
 -15512.742    11.102    -0.18    3.07
 -15141.676    11.573     1.27    2.78
 -14770.694    11.820     0.67    2.95
 -14399.796    11.386    -1.17    3.11
 -14028.983    10.079    -3.52    3.79
 -13658.254     8.485    -4.30    3.91
 -13287.609     6.358    -5.74    3.17
 -12917.048     4.880    -3.99    2.14
 -12546.571     5.331     1.22    3.24
 -12176.178     6.684     3.65    4.04
 -11805.869     8.590     5.15    4.02
 -11435.644     9.329     2.00    3.50
 -11065.503     9.722     1.06    3.51
 -10695.446     9.108    -1.66    3.51
 -10325.472     6.898    -5.97    4.23
  -9955.582     4.505    -6.47    4.32
  -9585.776     2.617    -5.11    3.21
  -9216.053     2.943     0.88    3.69
  -8846.413     3.647     1.90    3.76
  -8476.857     4.702     2.86    3.60
  -8107.385     5.224     1.41    3.61
  -7737.995     5.238     0.04    3.24
  -7368.689     5.329     0.25    3.12
  -6999.467     5.576     0.67    3.44
  -6630.327     5.076    -1.35    4.22
  -6261.270     4.517    -1.51    4.34
  -5892.297     3.101    -3.84    4.04
  -5523.406     1.830    -3.44    3.12
  -5154.599     1.268    -1.53    2.51
  -4785.874     1.277     0.03    2.39
  -4417.232     1.635     0.97    2.84
  -4048.673     1.723     0.24    2.95
  -3680.197     1.753     0.08    3.03
  -3311.803     1.753     0.00    2.92
  -2943.492     1.617    -0.37    2.64
  -2575.263     2.093     1.29    3.87
  -2207.117     2.520     1.16    5.54
  -1839.053     3.488     2.63    8.04
  -1471.072     4.386     2.44   10.06
  -1103.173     5.354     2.63   11.96
   -735.356     5.316    -0.11   12.17
   -367.622     3.666    -4.49    9.38
      0.030     2.601    -2.90    6.90
    367.601     2.180    -1.15    6.29
    735.089     2.287     0.29    7.28
   1102.495     6.901    12.56   13.25
   1469.819    18.387    31.27   22.64
   1837.061    35.191    45.76   25.42
   2204.222    51.533    44.51   21.08
   2571.301    60.403    24.16   10.18
   2938.298    63.704     9.00    8.88
   3305.213    67.551    10.48   11.14
   3672.047    73.010    14.88   15.04
   4038.799    82.993    27.22   16.04
   4405.469    92.765    26.65   11.66
   4772.058    96.368     9.83    8.83
   5138.566    97.174     2.20   10.93
   5504.993    94.512    -7.27   12.79
   5871.338    90.724   -10.34   14.37
   6237.602    87.198    -9.63   14.70
   6603.784    85.118    -5.68   14.07
   6969.886    83.943    -3.21   13.08
   7335.906    81.445    -6.82   13.54
   7701.846    79.083    -6.45   12.31
   8067.704    79.488     1.11   10.73
   8433.482    79.325    -0.44    9.59
   8799.178    78.680    -1.76   11.26
   9164.794    79.502     2.25   11.62
   9530.329    81.896     6.55   11.44
   9895.784    86.238    11.88    8.34
  10261.157    88.387     5.88    6.32
  10626.450    87.723    -1.82    7.45
  10991.663    84.214    -9.61    8.45
  11356.795    78.972   -14.36    8.12
  11721.847    75.155   -10.46    7.46
  12086.818    71.901    -8.91    6.23
  12451.709    68.426    -9.52    6.26
  12816.519    66.384    -5.60    6.08
  13186.314    61.963   -11.95    7.37
  13567.955    55.983   -15.67    9.27
  13949.506    50.104   -15.41   10.37
  14330.967    43.753   -16.65    9.72
  14712.340    36.253   -19.66    8.74
  15093.623    30.189   -15.90    7.86
  15474.816    25.539   -12.20    5.07
  15855.921    24.665    -2.29    4.15
  16236.936    24.988     0.85    4.76
  16617.863    24.419    -1.49    5.00
  16998.700    25.597     3.09    4.46
  17379.448    25.840     0.64    5.30
  17760.108    25.722    -0.31    6.20
  18140.678    24.432    -3.39    6.15
  18521.160    22.627    -4.74    5.36
  18901.554    21.974    -1.72    4.47
  19281.858    20.722    -3.29    3.77
  19662.074    19.676    -2.75    3.04
  20042.202    18.682    -2.61    2.25
  20422.241    18.413    -0.71    2.72
  20802.191    19.447     2.72    3.25
  21182.053    20.802     3.57    3.75
  21561.827    21.420     1.63    3.47
  21941.513    21.066    -0.93    3.12
  22321.111    20.149    -2.42    3.24
  22700.620    19.607    -1.43    2.36
  23080.042    19.973     0.96    2.63
  23459.376    19.903    -0.18    2.68
  23838.621    19.733    -0.45    2.17
  24217.779    19.566    -0.44    1.58
  24596.849    19.438    -0.34    1.73
  24975.831    19.743     0.80    2.05
  25354.726    20.000     0.68    2.18
  25733.533    20.076     0.20    2.08
  26112.252    20.311     0.62    2.16
  26490.884    20.273    -0.10    2.11
  26869.429    20.233    -0.11    2.34
  27247.886    19.793    -1.16    2.40
  27626.256    19.527    -0.70    1.92
  28004.538    19.660     0.35    1.99
  28382.733    19.296    -0.96    1.92
  28760.842    19.559     0.70    2.11
  29138.863    19.376    -0.48    1.87
  29516.797    19.774     1.05    2.05
  29894.644    21.185     3.73    3.25
  30272.404    22.051     2.29    3.13
  30650.078    22.551     1.32    2.55
  31027.664    22.833     0.75    2.84
  31405.164    22.909     0.20    2.72
  31782.578    24.581     4.43    3.47
  32159.904    26.135     4.12    2.90
  32537.145    26.253     0.31    2.62
  32914.298    27.419     3.09    3.14
  33291.365    29.000     4.19    4.86
  33668.346    31.198     5.83    5.32
  34045.241    33.297     5.57    4.51
  34422.049    33.949     1.73    4.28
  34798.771    34.213     0.70    4.05
  35175.407    35.020     2.14    4.35
  35551.957    36.596     4.18    5.07
  35928.421    37.524     2.47    4.76
  36304.799    34.498    -8.04    6.12
  36681.091    31.849    -7.04    6.18
  37057.297    29.452    -6.37    4.31
  37433.417    28.814    -1.69    2.50
  37809.452    29.147     0.88    2.17
  38185.401    28.877    -0.72    2.53
  38561.264    28.184    -1.84    2.76
  38937.042    27.117    -2.84    2.27
  39312.734    28.086     2.58    3.21
  39688.341    28.333     0.66    3.28
  40063.862    28.663     0.88    3.11
  40439.299    28.961     0.79    2.84
  40814.649    28.613    -0.93    1.92
  41189.915    28.841     0.61    2.81
  41565.096    30.033     3.18    4.30
  41940.191    31.587     4.14    5.29
  42315.201    33.701     5.64    5.89
  42690.127    35.400     4.53    6.61
  43064.967    36.631     3.28    6.15
  43439.723    34.297    -6.23    8.22
  43814.393    31.420    -7.68    8.23
  44188.980    29.204    -5.92    6.13
  44563.481    28.713    -1.31    5.99
  44937.897    31.086     6.34    4.29
  45312.230    31.995     2.43    3.36
  45686.477    31.043    -2.55    4.22
  46060.640    31.173     0.35    5.02
  46434.719    32.046     2.33    5.25
  46808.713    32.812     2.05    4.84
  47182.623    33.693     2.36    5.01
  47556.449    34.839     3.06    4.90
  47930.190    35.612     2.07    4.33
  48303.848    36.646     2.77    4.24
  48677.421    37.201     1.49    3.68
  49050.911    38.113     2.44    3.00
  49424.316    38.886     2.07    3.29
  49797.637    40.079     3.20    4.03
  50170.875    41.733     4.43    3.98
  50544.029    42.426     1.86    4.10
  50917.099    42.832     1.09    3.96
  51290.085    42.702    -0.35    3.12
  51662.988    43.419     1.92    2.85
  52035.807    44.227     2.17    2.62
  52408.543    45.282     2.83    2.22
  52781.195    45.804     1.40    2.07
  53153.764    46.050     0.66    3.69
  53526.249    47.375     3.56    5.47
  53898.651    47.870     1.33    5.17
  54270.970    48.893     2.75    5.20
  54643.206    51.733     7.63    8.01
  55015.358    53.565     4.92    8.96
  55387.428    56.743     8.54    7.61
  55759.414    58.713     5.30    6.62
  56131.317    58.018    -1.87    5.93
  56503.138    60.674     7.14    6.21
  56874.876    63.530     7.68    6.27
  57246.531    64.909     3.71    7.08
  57618.103    65.661     2.02    7.04
  57989.592    66.645     2.65    7.41
  58360.999    66.703     0.16    7.45
  58732.323    65.763    -2.53    7.97
  59103.565    63.723    -5.49    8.24
  59474.724    60.763    -7.97    6.98
  59845.801    57.802    -7.98    5.41
  60216.795    56.597    -3.25    4.11
  60587.707    60.439    10.36    8.78
  60958.537    63.212     7.48    9.44
  61329.285    60.733    -6.69   11.57
  61699.950    54.985   -15.51   13.71
  62070.533    46.823   -22.02   11.92
  62441.035    40.273   -17.68    8.25
  62811.454    35.218   -13.65    7.20
  63181.791    32.822    -6.47    6.25
  63552.047    32.087    -1.99    6.24
  63922.221    31.782    -0.82    4.50
  64292.312    32.956     3.17    3.31
  64662.323    32.802    -0.41    2.83
  65032.251    31.873    -2.51    2.43
  65402.098    30.313    -4.22    3.18
  65771.863    27.603    -7.33    5.47
  66141.547    23.117   -12.13    6.75
  66511.149    18.782   -11.73    5.57
  66880.670    15.274    -9.49    3.11
  67250.110    13.851    -3.85    0.64
  67619.468    13.743    -0.29    0.00
  67988.745    13.773     0.08    0.22
  68357.941    16.166     6.48    6.42
  68727.056    22.853    18.12   11.14
  69096.089    29.203    17.21   11.03
  69465.042    34.365    13.99    6.99
  69833.914    35.763     3.79    3.35
  70202.704    34.587    -3.19    3.12
  70571.414    33.253    -3.62    2.50
  70940.043    33.059    -0.52    2.65
  71308.592    33.873     2.21    3.28
  71677.059    34.928     2.86    4.07
  72045.446    36.844     5.20    3.60
  72413.752    35.459    -3.76    5.76
  72781.978    31.878    -9.72    7.65
  73150.123    27.089   -13.01    7.50
  73518.188    22.014   -13.79    3.84
  73886.172    20.233    -4.84    1.36
  74254.076    19.763    -1.28    0.14
  74621.900    19.743    -0.05    0.00
  74989.643    19.743     0.00    0.00
  75357.306    20.069     0.89    1.28
  75724.890    21.606     4.18    5.02
  76092.393    22.722     3.04    6.43
  76459.816    23.753     2.81    6.92
  76827.159    24.835     2.95    7.79
  77194.422    26.953     5.77    8.32
  77561.605    28.623     4.55    8.23
  77928.708    31.450     7.70    7.75
  78295.732    33.913     6.71    6.35
  78662.676    35.428     4.13    4.62
  79029.540    33.485    -5.29    5.38
  79396.324    30.671    -7.67    5.55
  79763.029    28.203    -6.73    4.19
  80129.655    26.213    -5.43    3.32
  80496.201    25.314    -2.45    3.03
  80862.667    24.971    -0.94    2.87
  81229.054    25.403     1.18    2.57
  81595.362    26.386     2.69    2.65
  81961.591    27.284     2.45    2.47
  82327.740    28.096     2.22    1.88
  82693.810    28.743     1.77    1.44
  83059.802    29.090     0.95    1.44
  83425.714    29.204     0.31    1.63
  83791.547    29.420     0.59    1.68
  84157.301    29.476     0.15    1.62
  84522.976    29.495     0.05    1.87
  84888.572    29.692     0.54    1.69
  85254.090    29.543    -0.41    2.11
  85619.528    27.498    -5.60    3.55
  85984.888    25.652    -5.05    3.96
  86350.170    23.710    -5.32    3.25
  86715.373    22.664    -2.87    1.65
  87080.497    21.959    -1.93    1.68
  87445.542    21.197    -2.09    1.91
  87810.510    20.672    -1.44    1.96
  88191.715    20.193    -1.26    1.92
  88573.097    20.359     0.44    2.06
  88954.391    20.590     0.61    2.05
  89335.598    21.601     2.65    2.87
  89716.718    23.313     4.49    3.33
  90097.751    24.693     3.62    2.69
  90478.697    25.835     3.00    1.72
  90859.556    25.993     0.42    1.72
  91240.329    25.753    -0.63    1.69
  91621.014    25.943     0.50    1.68
  92001.613    26.763     2.16    2.55
  92382.126    26.873     0.29    2.62
  92762.552    27.409     1.41    2.39
  93142.891    27.753     0.90    3.10
  93523.144    26.529    -3.22    3.82
  93903.311    26.163    -0.96    4.68
  94283.391    25.416    -1.96    4.80
  94663.385    24.824    -1.56    4.14
  95043.293    27.008     5.75    5.14
  95423.114    27.881     2.30    4.45
  95802.850    29.110     3.24    3.48
  96182.499    30.263     3.04    2.53
  96562.063    30.212    -0.14    2.02
  96941.541    31.223     2.66    2.68
  97320.932    33.826     6.86    5.03
  97700.238    35.623     4.74    5.31
  98079.458    38.135     6.62    5.49
  98458.593    38.297     0.43    5.51
  98837.642    35.743    -6.74    5.73
  99216.605    33.203    -6.70    5.22
  99595.483    30.285    -7.70    3.42
  99974.275    29.367    -2.43    3.22
 100352.982    29.506     0.37    3.57
 100731.603    30.040     1.41    4.01
 101110.140    30.872     2.20    4.28
 101488.591    32.100     3.24    4.03
 101866.957    33.797     4.49    3.62
 102245.237    35.139     3.55    3.94
 102623.433    34.560    -1.53    4.62
 103001.543    32.023    -6.71    5.73
 103379.569    31.562    -1.22    5.84
 103757.510    29.555    -5.31    5.96
 104135.366    28.753    -2.12    6.45
 104513.137    27.508    -3.30    6.71
 104890.823    25.722    -4.73    5.01
 105268.425    26.551     2.19    4.04
 105645.942    29.021     6.54    4.08
 106023.375    31.113     5.54    3.35
 106400.723    31.568     1.21    3.15
 106777.987    30.329    -3.28    4.11
 107155.166    28.238    -5.54    4.49
 107532.261    25.533    -7.17    3.66
 107909.271    24.186    -3.57    2.60
 108286.198    24.541     0.94    2.43
 108663.040    25.559     2.70    2.24
 109039.798    25.549    -0.03    2.42
 109416.472    24.703    -2.25    2.65
 109793.062    22.978    -4.58    2.05
 110169.568    21.773    -3.20    1.31
 110545.990    21.186    -1.56    1.00
 110922.329    20.773    -1.10    0.17
 111298.583    20.743    -0.08    0.00
 111674.754    21.056     0.83    1.10
 112050.841    21.816     2.02    1.80
 112426.845    22.823     2.68    2.25
 112802.765    24.123     3.46    2.60
 113178.601    25.722     4.25    2.69
 113554.354    26.690     2.57    2.75
 113930.024    27.480     2.10    2.32
 114305.610    27.650     0.45    1.88
 114681.113    27.610    -0.11    1.77
 115056.533    28.253     1.71    1.84
 115431.870    29.096     2.25    2.31
 115807.123    29.263     0.44    2.63
 116182.294    29.722     1.22    2.73
 116557.381    30.783     2.83    3.21
 116932.385    31.533     2.00    3.67
 117307.307    32.182     1.73    3.30
 117682.146    32.427     0.65    2.63
 118056.901    31.433    -2.65    2.74
 118431.575    30.553    -2.35    1.93
 118806.165    30.723     0.45    2.20
 119180.673    30.668    -0.15    2.43
 119555.098    31.998     3.55    3.10
 119929.441    33.417     3.79    3.26
 120303.701    33.993     1.54    2.58
 120677.879    33.859    -0.36    2.56
 121051.974    33.413    -1.19    2.42
 121425.987    32.409    -2.68    2.14
 121799.918    31.601    -2.16    2.19
 122173.767    31.601     0.00    2.24
 122547.533    31.203    -1.07    2.33
 122921.218    30.794    -1.09    2.02
 123294.820    30.845     0.14    1.72
 123668.340    31.020     0.47    1.73
 124041.779    32.524     4.03    2.20
 124415.135    33.036     1.37    2.08
 124788.410    33.373     0.90    2.32
 125161.603    33.632     0.69    2.16
 125534.714    33.583    -0.13    2.47
 125907.744    33.967     1.03    2.50
 126280.692    33.998     0.08    2.24
 126653.558    33.324    -1.81    2.34
 127026.343    33.399     0.20    2.23
 127399.046    33.263    -0.36    2.33
 127771.668    33.713     1.21    2.66
 128144.209    34.448     1.97    2.64
 128516.668    35.248     2.15    3.18
 128889.046    37.145     5.09    4.10
 129261.343    39.804     7.14    4.35
 129633.559    42.024     5.96    3.77
 130005.693    42.953     2.50    2.84
 130377.747    42.808    -0.39    2.74
 130749.719    41.223    -4.26    2.55
 131121.611    39.532    -4.55    2.08
 131493.422    38.353    -3.17    2.06
 131865.152    38.322    -0.08    1.89
 132236.801    38.539     0.58    1.79
 132608.369    39.610     2.88    2.76
 132979.857    42.514     7.82    4.89
 133351.264    45.488     8.01    5.46
 133722.591    48.650     8.52    5.11
 134093.837    51.026     6.40    5.93
 134465.002    52.370     3.62    5.79
 134836.087    51.263    -2.98    4.92
 135207.092    50.797    -1.26    3.86
 135578.017    49.955    -2.27    4.07
 135948.861    49.587    -0.99    3.53
 136319.625    50.273     1.85    3.18
 136690.308    51.857     4.27    4.36
 137060.912    53.389     4.13    3.81
 137431.436    54.470     2.92    3.28
 137801.879    54.959     1.32    2.89
 138172.243    54.568    -1.06    2.25
 138542.527    54.841     0.74    2.32
 138912.731    55.451     1.65    2.59
 139282.855    56.634     3.20    3.20
 139652.899    57.884     3.38    2.89
 140022.864    59.263     3.73    3.03
 140392.749    61.273     5.43    3.62
 140762.555    61.753     1.30    3.58
 141132.280    62.457     1.90    3.17
 141501.927    62.039    -1.13    2.37
 141871.494    62.711     1.82    2.30
 142240.981    63.427     1.94    2.49
 142610.390    64.167     2.00    2.73
 142979.718    65.389     3.31    2.76
 143348.968    66.691     3.52    3.40
 143718.139    68.793     5.69    3.19
 144087.230    69.847     2.85    3.28
 144456.242    71.444     4.33    3.52
 144825.175    72.794     3.66    3.61
 145194.030    73.364     1.55    3.73
 145562.805    73.298    -0.18    3.76
 145931.501    73.254    -0.12    3.44
 146300.119    74.712     3.96    4.55
 146668.658    77.622     7.89    5.51
 147037.118    79.308     4.58    4.32
 147405.499    79.506     0.54    3.65
 147773.802    80.514     2.74    4.92
 148142.026    81.722     3.28    7.26
 148510.171    84.052     6.33    7.81
 148878.238    85.233     3.21    6.72
 149246.227    86.560     3.61    5.60
 149614.137    87.610     2.85    4.58
 149981.969    89.902     6.23    4.31
 150349.723    92.375     6.72    3.52
 150717.398    94.508     5.80    3.40
 151084.995    97.578     8.35    3.27
 151452.514   100.073     6.79    3.71
 151819.955   103.073     8.16    3.89
 152187.318   105.855     7.57    4.19
 152554.603   108.862     8.19    4.71
 152921.810   111.978     8.48    4.03
 153288.939   114.670     7.33    3.48
 153655.990   117.547     7.84    4.17
 154022.963   120.939     9.24    5.46
 154389.859   125.196    11.60    5.18
 154756.677   128.191     8.16    4.12
 155123.417   131.364     8.65    4.53
 155490.080   134.909     9.67    5.66
 155856.665   138.853    10.76    5.63
 156223.173   144.314    14.90    8.05
 156589.603   155.335    30.07   16.29
 156955.955   174.300    51.76   27.55
 157322.231   194.396    54.86   29.37
 157688.429   216.284    59.77   23.46
 158054.550   226.059    26.70   15.05
 158420.593   225.198    -2.35   18.39
 158786.560   217.161   -21.96   21.62
 159152.449   206.869   -28.13   20.64
 159518.261   201.640   -14.29   16.62
 159883.996   206.682    13.78   19.93
 160249.655   229.711    62.97   40.17
 160615.236   266.014    99.29   53.48
 160980.740   302.319    99.32   42.42
 161346.168   316.447    38.66   25.97
 161711.519   311.280   -14.14   27.31
 162076.793   285.600   -70.30   30.39
 162441.990   262.378   -63.58   26.49
 162818.052   241.206   -56.29   21.91
 163199.266   232.865   -21.88   15.95
 163580.395   237.970    13.39   23.32
 163961.440   252.953    39.32   32.79
 164342.400   276.217    61.06   35.47
 164723.275   293.868    46.34   28.65
 165104.066   303.083    24.20   23.84
 165484.772   303.521     1.15   24.48
 165865.393   298.982   -11.92   25.41
 166245.930   299.395     1.09   24.79
 166626.382   308.941    25.09   29.71
 167006.750   321.420    32.80   30.61
 167387.034   337.114    41.26   25.97
 167767.233   346.537    24.78   23.22
 168147.349   352.441    15.53   21.31
 168527.380   355.553     8.19   20.38
 168907.327   359.878    11.38   18.92
 169287.190   368.482    22.65   18.44
 169666.969   380.269    31.03   18.52
 170046.663   392.846    33.12   15.75
 170426.275   403.774    28.78   11.53
 170805.802   409.238    14.39    9.51
 171185.245   413.576    11.43   10.46
 171564.605   417.045     9.14   11.80
 171943.881   421.104    10.70   10.43
 172323.073   425.537    11.69    8.85
 172702.182   429.930    11.59    6.89
 173081.208   433.659     9.84    6.16
 173460.150   436.649     7.89    6.19
 173839.008   439.195     6.72    7.05
 174217.783   442.361     8.36    9.43
 174596.475   445.631     8.63   11.43
 174975.084   451.195    14.70   10.68
 175353.609   456.522    14.07   10.39
 175732.052   461.202    12.37    8.59
 176110.411   465.212    10.60    7.03
 176488.687   468.890     9.72    6.28
 176866.881   470.569     4.44    6.61
 177244.991   473.680     8.22    7.62
 177623.018   481.305    20.17   11.70
 178000.963   490.947    25.51   14.95
 178378.825   501.702    28.46   15.56
 178756.604   511.269    25.32   11.89
 179134.301   515.763    11.90   10.30
 179511.915   522.307    17.33   12.94
 179889.446   529.141    18.10   15.50
 180266.895   538.485    24.75   15.55
 180644.262   544.743    16.58   13.86
 181021.546   553.055    22.03   20.45
 181398.748   568.423    40.74   33.37
 181775.868   592.167    62.95   43.07
 182152.905   619.106    71.44   47.33
 182529.860   649.009    79.32   46.20
 182906.733   680.784    84.30   51.37
 183283.524   708.012    72.25   56.32
 183660.234   740.722    86.82   74.17
 184036.861   761.095    54.09   92.75
 184413.406   773.258    32.30  104.61
 184789.869   775.479     5.90  103.84
 185166.251   769.157   -16.79   84.72
 185542.550   776.493    19.49   78.38
 185918.769   794.258    47.22   93.18
 186294.905   819.465    67.01   99.60
 186670.960   840.660    56.35  104.60
 187046.933   877.807    98.79   99.17
 187422.825   908.980    82.92   91.65
 187798.636   938.943    79.72  110.71
 188174.365   937.701    -3.30  123.29
 188550.012   915.001   -60.42  135.11
 188925.579   877.289  -100.40  140.53
 189301.064   872.101   -13.82  141.99
 189676.468   850.795   -56.75  149.40
 190051.791   844.469   -16.85  144.22
 190427.033   811.543   -87.74  124.69
 190802.194   782.180   -78.26   89.08
 191177.274   778.164   -10.71   82.30
 191552.273   796.341    48.47   89.84
 191927.191   805.628    24.77   89.79
 192302.028   805.568    -0.16   77.38
 192676.785   810.001    11.83   72.67
 193051.461   828.413    49.13   82.21
 193426.056   840.667    32.71   80.58
 193800.571   842.233     4.18   73.23
 194175.005   844.906     7.14   65.18
 194549.358   877.127    86.06   93.93
 194923.632   905.558    75.95  114.01
 195297.824   930.588    66.88  123.51
 195671.937   955.095    65.50  111.98
 196045.969   984.076    77.47  114.33
 196419.921  1028.828   119.66  123.26
 196793.792  1084.878   149.90  128.08
 197167.584  1106.222    57.09  135.11
 197541.295  1117.941    31.35  146.75
 197914.927  1117.796    -0.39  149.72
 198288.478  1186.909   184.99  184.44
 198661.950  1256.459   186.20  178.25
 199035.341  1297.364   109.54  127.26
 199408.653  1314.014    44.59  109.70
 199781.885  1329.459    41.38  108.58
 200155.037  1301.368   -75.27  111.99
 200528.110  1241.515  -160.41  146.45
 200901.103  1164.403  -206.71  165.07
 201274.016  1057.178  -287.49  128.49
 201646.850  1013.845  -116.21   84.33
 202019.604  1004.132   -26.05   81.28
 202392.279  1027.368    62.34   83.12
 202764.875  1079.720   140.49   76.52
 203137.391  1133.269   143.73  105.27
 203509.828  1189.366   150.60  113.03
 203882.186  1257.368   182.60  113.75
 204254.464  1328.711   191.61  115.52
 204626.663  1419.045   242.67  140.14
 204998.784  1517.869   265.53  155.84
 205370.825  1561.985   118.56  135.38
 205742.787  1530.920   -83.50  147.93
 206114.671  1425.290  -284.00  155.95
 206486.475  1353.114  -194.10  102.32
 206858.201  1342.398   -28.82   95.22
 207229.848  1430.859   237.99  152.51
 207601.416  1551.676   325.11  147.18
 207972.905  1631.566   215.02  122.12
 208344.316  1652.275    55.75  109.58
 208715.648  1586.174  -177.98  130.01
 209086.902  1490.291  -258.23  122.73
 209458.077  1408.093  -221.42  123.45
 209829.174  1334.532  -198.20  109.50
 210200.192  1248.034  -233.10   93.91
 210571.132  1171.668  -205.84   83.12
 210941.994  1093.434  -210.92   83.89
 211312.777  1041.660  -139.61   65.29
 211683.482  1027.025   -39.47   52.91
 212054.110  1060.722    90.90   85.42
 212424.659  1126.087   176.38   99.91
 212795.130  1190.508   173.86  103.71
 213165.523  1215.807    68.29  102.12
 213535.838  1259.930   119.13  118.09
 213906.075  1315.270   149.45  121.58
 214276.234  1396.337   218.97  115.10
 214646.316  1468.280   194.37  135.51
 215016.319  1566.974   266.70  160.78
 215386.245  1648.080   219.21  159.61
 215756.094  1728.313   216.90  135.63
 216125.864  1761.034    88.48  109.12
 216495.558  1754.621   -17.35   96.71
 216865.173  1716.232  -103.84  109.65
 217234.712  1652.554  -172.29  110.13
 217604.172  1614.332  -103.44   98.55
 217973.556  1593.617   -56.07  106.97
 218342.862  1589.003   -12.49  111.32
 218712.091  1587.668    -3.61  110.62
 219081.242  1573.055   -39.58  112.18
 219450.317  1577.289    11.47  119.27
 219819.314  1565.541   -31.83  133.73
 220188.235  1562.111    -9.29  138.98
 220557.078  1561.287    -2.23  150.76
 220925.844  1547.073   -38.54  148.65
 221294.533  1533.409   -37.05  140.56
 221663.146  1460.859  -196.79  157.24
 222031.681  1376.678  -228.38  162.96
 222400.140  1271.493  -285.43  131.45
 222768.522  1210.648  -165.14   54.46
 223136.827  1240.573    81.24   96.59
 223505.056  1337.785   263.96  161.48
 223873.208  1466.638   349.94  166.50
 224241.284  1549.859   226.06  118.83
 224609.283  1603.237   145.03   95.34
 224977.205  1635.087    86.55   97.53
 225345.051  1665.176    81.79  105.57
 225712.821  1693.097    75.91   96.61
 226080.515  1705.126    32.71   87.12
 226448.132  1714.311    24.98   84.11
 226815.673  1680.562   -91.81  100.20
 227183.137  1622.711  -157.41  106.98
 227550.526  1575.107  -129.55   99.71
 227917.839  1538.516   -99.60   95.55
 228285.075  1529.732   -23.91  104.21
 228652.236  1516.576   -35.83  106.03
 229019.320  1476.332  -109.61  106.33
 229386.329  1414.711  -167.87  107.29
 229753.262  1349.320  -178.18   94.56
 230120.119  1293.498  -152.14   59.93
 230486.900  1280.248   -36.12   66.52
 230853.606  1283.869     9.87   81.19
 231220.235  1301.775    48.83   84.02
 231586.790  1321.568    53.99   75.77
 231953.268  1357.121    97.00   75.01
 232319.672  1388.284    85.04   83.49
 232685.999  1421.275    90.04   89.28
 233052.252  1462.945   113.76   86.01
 233418.428  1494.349    85.75   83.22
 233784.530  1532.173   103.30   89.87
 234150.556  1588.501   153.86  112.15
 234516.507  1667.007   214.49   96.33
 234882.383  1704.402   102.19   79.54
 235248.184  1701.204    -8.74   84.92
 235613.909  1653.648  -130.01  103.06
 235979.559  1609.509  -120.69   99.94
 236345.135  1545.264  -175.71   94.48
 236710.635  1473.105  -197.39  109.37
 237076.061  1399.623  -201.05  112.03
 237447.367  1368.574   -83.61  107.73
 237828.416  1344.354   -63.55  101.28
 238209.382  1341.280    -8.07  118.63
 238590.265  1355.711    37.88  120.39
 238971.066  1331.101   -64.62  109.89
 239351.784  1304.732   -69.25  106.23
 239732.420  1283.805   -54.97  117.98
 240112.974  1245.184  -101.47  112.04
 240493.445  1208.200   -97.19   97.00
 240873.833  1193.988   -37.36   85.28
 241254.140  1203.477    24.95  101.07
 241634.364  1213.115    25.34  115.28
 242014.506  1235.922    59.98  121.43
 242394.566  1274.232   100.78  128.76
 242774.544  1312.155    99.79  119.25
 243154.441  1313.080     2.43  132.31
 243534.255  1267.785  -119.23  136.42
 243913.987  1217.392  -132.69   87.31
 244293.637  1224.041    17.51   81.62
 244673.206  1274.859   133.86  100.31
 245052.693  1342.893   179.25  101.05
 245432.098  1422.353   209.40   96.43
 245811.422  1491.700   182.79   97.18
 246190.664  1553.477   162.87   82.65
 246569.824  1586.892    88.11   76.05
 246948.904  1595.019    21.44   84.91
 247327.901  1547.083  -126.46  118.54
 247706.818  1438.285  -287.08  149.39
 248085.653  1365.211  -192.86  135.28
 248464.406  1292.349  -192.34   92.94
 248843.079  1264.395   -73.81   89.94
 249221.670  1276.619    32.28   97.10
 249600.181  1291.680    39.78   98.64
 249978.610  1315.211    62.17  106.02
 250356.958  1367.094   137.11  123.46
 250735.225  1433.530   175.60  118.44
 251113.412  1466.870    88.14   93.97
 251491.517  1456.839   -26.53   92.97
 251869.542  1404.402  -138.69  130.16
 252247.486  1314.094  -238.90  132.99
 252625.349  1257.647  -149.36   92.59
 253003.132  1264.870    19.12   83.08
 253380.834  1320.839   148.15  110.87
 253758.456  1399.574   208.47  107.65
 254135.997  1436.413    97.56   83.68
 254513.458  1437.817     3.72   90.38
 254890.838  1399.594  -101.27  113.59
 255268.138  1341.700  -153.41  122.62
 255645.357  1279.807  -164.05  118.27
 256022.497  1212.646  -178.05  109.15
 256399.556  1142.509  -185.98  106.79
 256776.535  1090.700  -137.41   87.28
 257153.434  1072.668   -47.83   77.49
 257530.253  1105.966    88.35  113.88
 257906.992  1156.893   135.15  123.96
 258283.651  1201.434   118.23  105.49
 258660.230  1218.190    44.49   84.13
 259036.729  1183.828   -91.25   84.54
 259413.149  1141.291  -112.98   75.34
 259789.489  1106.173   -93.30   76.67
 260165.749  1075.638   -81.14   77.11
 260541.929  1038.232   -99.42   75.53
 260918.030  1012.869   -67.42   74.30
 261294.052   975.409   -99.60   65.59
 261669.993   956.501   -50.29   65.41
 262045.856   941.501   -39.90   63.50
 262421.639   943.179     4.46   62.60
 262797.343   949.215    16.06   52.65
 263172.967   949.009    -0.55   47.67
 263548.512   936.698   -32.78   47.96
 263923.978   920.860   -42.17   46.69
 264299.365   897.777   -61.48   42.36
 264674.673   866.402   -83.58   42.20
 265049.902   833.425   -87.87   35.84
 265425.052   800.908   -86.66   37.21
 265800.123   769.076   -84.85   33.47
 266175.114   734.889   -91.15   39.86
 266550.028   701.170   -89.92   33.41
 266924.862   674.490   -71.16   29.25
 267299.617   652.479   -58.72   21.58
 267674.294   636.490   -42.67   18.03
 268048.893   622.820   -36.49   16.34
 268423.412   607.264   -41.53   17.20
 268797.853   592.171   -40.30   17.00
 269172.216   577.551   -39.05   16.56
 269546.500   565.259   -32.84   16.32
 269920.706   554.460   -28.85   14.76
 270294.833   548.115   -16.96   12.83
 270668.882   542.562   -14.84   10.68
 271042.853   540.062    -6.68    8.54
 271416.746   535.019   -13.48    8.79
 271790.560   527.906   -19.03   10.39
 272164.297   519.076   -23.62   11.64
 272537.955   510.345   -23.36   10.84
 272911.535   500.087   -27.45    9.76
 273285.038   492.700   -19.77    9.42
 273658.462   485.457   -19.39    8.00
 274031.809   478.829   -17.75    7.56
 274405.078   472.578   -16.74    8.15
 274778.268   466.532   -16.20    8.08
 275151.382   459.731   -18.23    6.08
 275524.417   455.433   -11.52    6.31
 275897.375   451.890    -9.50    6.72
 276270.256   448.187    -9.93    5.84
 276643.058   445.192    -8.03    4.73
