-121758.573    16.989     0.00    5.72
-121386.299    13.391    -9.67    8.00
-121014.118     7.593   -15.58    8.27
-120642.031     3.124   -12.01    5.81
-120270.037    -0.168    -8.85    1.89
-119898.136     0.139     0.83    2.28
-119526.329     2.475     6.28    4.34
-119154.615     5.715     8.72    5.04
-118782.994     8.644     7.88    4.18
-118411.466    10.974     6.27    2.97
-118040.032    12.509     4.13    3.08
-117668.690    14.750     6.03    4.15
-117297.441    17.893     8.47    6.43
-116926.285    20.532     7.11    8.62
-116555.222    20.561     0.08   11.12
-116184.251    18.534    -5.46   12.79
-115813.373    15.620    -7.86   12.76
-115442.587    15.592    -0.08   12.71
-115071.894    17.560     5.31   12.07
-114701.294    20.169     7.04   10.43
-114330.785    23.698     9.53    8.18
-113960.369    24.841     3.08    7.85
-113590.046    24.749    -0.25    7.62
-113219.814    24.113    -1.72    6.82
-112849.674    22.673    -3.89    5.32
-112479.626    21.075    -4.32    3.77
-112109.671    19.446    -4.40    1.74
-111739.807    18.546    -2.43    1.23
-111370.035    17.920    -1.69    1.06
-111000.354    18.063     0.39    1.38
-110630.765    18.398     0.91    1.39
-110261.268    18.483     0.23    1.42
-109891.862    17.868    -1.66    1.92
-109522.548    17.163    -1.91    1.84
-109153.325    16.638    -1.42    1.64
-108784.194    16.715     0.21    1.76
-108415.153    16.921     0.56    1.78
-108046.204    17.489     1.54    2.05
-107677.346    18.290     2.17    2.14
-107308.579    19.287     2.70    1.64
-106939.903    18.971    -0.86    1.89
-106571.318    17.514    -3.95    2.87
-106202.824    14.721    -7.58    3.85
-105834.420    11.774    -8.00    4.33
-105466.107     8.288    -9.46    4.05
-105097.885     4.842    -9.36    4.18
-104729.754     2.151    -7.31    3.32
-104361.712     0.116    -5.53    1.95
-103993.762    -0.790    -2.46    0.83
-103625.901    -1.132    -0.93    0.00
-103258.131    -1.132     0.00    0.00
-102890.452    -1.132     0.00    0.00
-102522.862    -1.132     0.00    0.00
-102155.363    -1.132     0.00    0.00
-101787.953    -1.132     0.00    0.00
-101420.634    -1.132     0.00    0.00
-101053.404    -1.132     0.00    0.00
-100686.264    -1.132     0.00    0.00
-100319.214    -1.132     0.00    0.00
 -99952.254    -1.132     0.00    0.00
 -99585.383    -1.132     0.00    0.00
 -99218.602    -1.132     0.00    0.00
 -98851.911    -1.132     0.00    0.00
 -98485.309    -1.132     0.00    0.00
 -98118.796    -1.132     0.00    0.00
 -97752.373    -1.132     0.00    0.00
 -97386.039    -1.132     0.00    0.00
 -97019.794    -1.132     0.00    0.00
 -96653.638    -1.132     0.00    0.00
 -96287.571    -1.132     0.00    0.00
 -95921.593    -1.132     0.00    0.00
 -95555.705    -1.132     0.00    0.00
 -95189.905    -1.132     0.00    0.00
 -94824.193    -1.132     0.00    0.00
 -94458.571    -1.132     0.00    0.00
 -94093.037    -1.132     0.00    0.00
 -93727.592    -1.132     0.00    0.00
 -93362.235    -1.132     0.00    0.00
 -92996.967    -1.132     0.00    0.00
 -92631.788    -1.132     0.00    0.00
 -92266.696    -1.132     0.00    0.00
 -91901.693    -1.132     0.00    0.00
 -91536.778    -1.132     0.00    0.00
 -91171.951    -1.132     0.00    0.00
 -90807.213    -1.132     0.00    0.00
 -90442.562    -1.132     0.00    0.00
 -90077.999    -1.132     0.00    0.00
 -89713.525    -1.132     0.00    0.00
 -89349.138    -1.132     0.00    0.00
 -88984.839    -1.132     0.00    0.00
 -88620.627    -1.132     0.00    0.00
 -88256.503    -1.132     0.00    0.00
 -87892.467    -1.132     0.00    0.00
 -87528.519    -1.132     0.00    0.00
 -87164.657    -1.132     0.00    0.00
 -86783.909    -1.132     0.00    0.00
 -86401.562    -1.132     0.00    0.00
 -86019.314    -1.132     0.00    0.00
 -85637.165    -1.132     0.00    0.00
 -85255.114    -1.132     0.00    0.00
 -84873.163    -1.132     0.00    0.00
 -84491.311    -1.132     0.00    0.00
 -84109.557    -1.132     0.00    0.00
 -83727.902    -1.132     0.00    0.00
 -83346.346    -1.132     0.00    0.00
 -82964.888    -1.132     0.00    0.00
 -82583.528    -1.132     0.00    0.00
 -82202.267    -1.132     0.00    0.00
 -81821.104    -1.132     0.00    0.00
 -81440.039    -1.132     0.00    0.00
 -81059.073    -1.132     0.00    0.00
 -80678.204    -1.132     0.00    0.00
 -80297.433    -1.132     0.00    0.00
 -79916.761    -1.132     0.00    0.00
 -79536.186    -1.132     0.00    0.00
 -79155.709    -1.132     0.00    0.00
 -78775.329    -1.132     0.00    0.00
 -78395.047    -1.132     0.00    0.00
 -78014.863    -1.132     0.00    0.00
 -77634.776    -1.132     0.00    0.00
 -77254.787    -1.132     0.00    0.00
 -76874.895    -1.132     0.00    0.00
 -76495.100    -1.132     0.00    0.00
 -76115.402    -1.132     0.00    0.00
 -75735.801    -1.132     0.00    0.00
 -75356.297    -1.132     0.00    0.00
 -74976.891    -1.132     0.00    0.00
 -74597.581    -1.132     0.00    0.00
 -74218.368    -1.132     0.00    0.00
 -73839.251    -1.132     0.00    0.00
 -73460.232    -1.132     0.00    0.00
 -73081.308    -1.132     0.00    0.00
 -72702.482    -1.132     0.00    0.00
 -72323.752    -1.132     0.00    0.00
 -71945.118    -1.132     0.00    0.00
 -71566.580    -1.132     0.00    0.00
 -71188.139    -1.132     0.00    0.00
 -70809.793    -1.132     0.00    0.00
 -70431.544    -1.132     0.00    0.00
 -70053.391    -1.132     0.00    0.00
 -69675.334    -1.132     0.00    0.00
 -69297.372    -0.813     0.84    0.63
 -68919.507    -0.366     1.18    0.87
 -68541.737     0.172     1.43    0.86
 -68164.062     0.618     1.18    0.55
 -67786.483     0.868     0.66    0.00
 -67409.000     0.868     0.00    0.00
 -67031.612     0.868     0.00    0.00
 -66654.320     0.868     0.00    0.00
 -66277.122     0.868     0.00    0.00
 -65900.020     0.868     0.00    0.00
 -65523.013     0.868     0.00    0.00
 -65146.101     0.868     0.00    0.00
 -64769.284     0.868     0.00    0.00
 -64392.562     0.868     0.00    0.00
 -64015.935     0.868     0.00    0.00
 -63639.403     0.868     0.00    0.00
 -63262.965     0.868     0.00    0.00
 -62886.622     0.868     0.00    0.00
 -62510.374     0.868     0.00    0.00
 -62134.220     0.868     0.00    0.00
 -61758.160     0.868     0.00    0.00
 -61382.195     0.868     0.00    0.00
 -61006.324     0.868     0.00    0.00
 -60630.547     0.868     0.00    0.00
 -60254.864     0.672    -0.52    0.71
 -59879.276     0.017    -1.74    1.31
 -59503.781    -0.294    -0.83    1.39
 -59128.381    -0.343    -0.13    1.39
 -58753.074    -0.176     0.45    1.37
 -58377.861     0.487     1.77    0.96
 -58002.742     0.859     0.99    0.09
 -57627.716     0.714    -0.39    0.59
 -57252.784    -0.115    -2.21    1.36
 -56877.945    -0.504    -1.04    1.40
 -56503.200    -0.468     0.09    1.41
 -56128.549     0.034     1.34    1.30
 -55753.990     0.776     1.98    0.46
 -55379.525     0.868     0.25    0.00
 -55005.153     0.868     0.00    0.00
 -54630.874     0.868     0.00    0.00
 -54256.688     0.868     0.00    0.00
 -53882.595     0.868     0.00    0.00
 -53508.595     0.868     0.00    0.00
 -53134.688     0.868     0.00    0.00
 -52760.874     0.868     0.00    0.00
 -52387.152     0.868     0.00    0.00
 -52013.523     0.868     0.00    0.00
 -51639.986     0.868     0.00    0.00
 -51266.542     0.868     0.00    0.00
 -50893.190     0.868     0.00    0.00
 -50519.931     0.868     0.00    0.00
 -50146.764     0.868     0.00    0.00
 -49773.689     0.868     0.00    0.00
 -49400.706     0.868     0.00    0.00
 -49027.815     0.868     0.00    0.00
 -48655.016     0.868     0.00    0.00
 -48282.310     0.868     0.00    0.00
 -47909.695     0.868     0.00    0.00
 -47537.172     0.868     0.00    0.00
 -47164.740     0.868     0.00    0.00
 -46792.401     0.868     0.00    0.00
 -46420.153     0.868     0.00    0.00
 -46047.996     0.868     0.00    0.00
 -45675.931     0.868     0.00    0.00
 -45303.957     0.868     0.00    0.00
 -44932.075     0.868     0.00    0.00
 -44560.284     0.868     0.00    0.00
 -44188.584     0.930     0.17    0.24
 -43816.975     1.118     0.50    0.43
 -43445.457     1.390     0.73    0.50
 -43074.031     1.631     0.65    0.43
 -42702.695     1.849     0.59    0.14
 -42331.450     1.868     0.05    0.00
 -41960.296     1.868     0.00    0.00
 -41589.232     1.868     0.00    0.00
 -41218.260     1.868     0.00    0.00
 -40847.378     1.868     0.00    0.00
 -40476.586     1.868     0.00    0.00
 -40105.885     1.868     0.00    0.00
 -39735.274     1.868     0.00    0.00
 -39364.754     1.868     0.00    0.00
 -38994.324     1.868     0.00    0.00
 -38623.984     1.868     0.00    0.00
 -38253.734     1.868     0.00    0.00
 -37883.574     1.868     0.00    0.00
 -37513.505     1.868     0.00    0.00
 -37143.525     1.868     0.00    0.00
 -36773.635     1.868     0.00    0.00
 -36403.835     1.868     0.00    0.00
 -36034.125     1.868     0.00    0.00
 -35664.504     1.868     0.00    0.00
 -35294.973     1.868     0.00    0.00
 -34925.532     1.868     0.00    0.00
 -34556.180     1.868     0.00    0.00
 -34186.918     1.868     0.00    0.00
 -33817.745     1.868     0.00    0.00
 -33448.661     1.868     0.00    0.00
 -33079.666     1.868     0.00    0.00
 -32710.761     1.868     0.00    0.00
 -32341.944     1.868     0.00    0.00
 -31973.217     1.868     0.00    0.00
 -31604.579     1.868     0.00    0.00
 -31236.029     1.868     0.00    0.00
 -30867.569     1.868     0.00    0.00
 -30499.197     1.868     0.00    0.00
 -30130.914     1.868     0.00    0.00
 -29762.720     1.868     0.00    0.00
 -29394.614     1.868     0.00    0.00
 -29026.597     1.868     0.00    0.00
 -28658.668     1.868     0.00    0.00
 -28290.828     1.868     0.00    0.00
 -27923.076     1.868     0.00    0.00
 -27555.412     1.868     0.00    0.00
 -27187.836     1.868     0.00    0.00
 -26820.349     1.868     0.00    0.00
 -26452.949     1.868     0.00    0.00
 -26085.638     1.868     0.00    0.00
 -25718.415     1.868     0.00    0.00
 -25351.279     1.868     0.00    0.00
 -24984.232     1.868     0.00    0.00
 -24617.272     1.868     0.00    0.00
 -24250.400     1.868     0.00    0.00
 -23883.615     1.868     0.00    0.00
 -23516.919     1.868     0.00    0.00
 -23150.309     1.868     0.00    0.00
 -22783.787     1.868     0.00    0.00
 -22417.353     1.868     0.00    0.00
 -22051.006     1.868     0.00    0.00
 -21684.746     1.868     0.00    0.00
 -21318.573     1.868     0.00    0.00
 -20952.487     1.868     0.00    0.00
 -20586.489     1.868     0.00    0.00
 -20220.578     1.868     0.00    0.00
 -19854.753     1.868     0.00    0.00
 -19489.016     1.868     0.00    0.00
 -19123.365     1.868     0.00    0.00
 -18757.801     1.868     0.00    0.00
 -18392.324     1.868     0.00    0.00
 -18026.933     1.868     0.00    0.00
 -17661.629     1.868     0.00    0.00
 -17296.412     1.868     0.00    0.00
 -16931.281     1.868     0.00    0.00
 -16566.236     1.868     0.00    0.00
 -16201.278     1.868     0.00    0.00
 -15836.406     1.868     0.00    0.00
 -15471.620     1.868     0.00    0.00
 -15106.921     1.868     0.00    0.00
 -14742.307     1.868     0.00    0.00
 -14377.780     1.868     0.00    0.00
 -14013.339     1.868     0.00    0.00
 -13648.983     1.868     0.00    0.00
 -13284.714     1.868     0.00    0.00
 -12920.530     1.868     0.00    0.00
 -12556.432     1.868     0.00    0.00
 -12182.155     1.868     0.00    0.00
 -11799.973     1.868     0.00    0.00
 -11417.888     1.868     0.00    0.00
 -11035.900     1.868     0.00    0.00
 -10654.008     1.868     0.00    0.00
 -10272.212     1.868     0.00    0.00
  -9890.514     1.868     0.00    0.00
  -9508.911     1.868     0.00    0.00
  -9127.405     1.868     0.00    0.00
  -8745.995     1.868     0.00    0.00
  -8364.681     1.868     0.00    0.00
  -7983.464     1.868     0.00    0.00
  -7602.342     1.868     0.00    0.00
  -7221.316     1.868     0.00    0.00
  -6840.387     1.868     0.00    0.00
  -6459.553     1.905     0.10    0.19
  -6078.814     2.118     0.56    0.43
  -5698.172     2.387     0.71    0.50
  -5317.625     2.634     0.65    0.43
  -4937.173     2.868     0.62    0.00
  -4556.817     2.868     0.00    0.00
  -4176.557     2.868     0.00    0.00
  -3796.391     2.868     0.00    0.00
  -3416.321     2.868     0.00    0.00
  -3036.346     2.868     0.00    0.00
  -2656.467     2.822    -0.12    0.31
  -2276.682     2.459    -0.96    0.99
  -1896.992     1.947    -1.35    1.34
  -1517.397     1.513    -1.14    1.46
  -1137.897     1.189    -0.85    1.45
   -758.492     1.036    -0.40    1.44
   -379.181     0.913    -0.32    1.40
      0.035     1.002     0.24    1.39
    379.157     1.100     0.26    1.41
    758.184     1.270     0.45    1.43
   1137.116     1.489     0.58    1.45
   1515.955     1.868     1.00    1.39
   1894.699     2.295     1.13    1.16
   2273.349     2.668     0.98    0.74
   2651.905     2.831     0.43    0.30
   3030.366     2.868     0.10    0.00
   3408.734     2.868     0.00    0.00
   3787.008     2.850    -0.05    0.13
   4165.188     2.481    -0.98    0.90
   4543.274     1.753    -1.93    1.35
   4921.267     1.009    -1.97    1.36
   5299.165     0.598    -1.09    1.14
   5676.971     0.923     0.86    1.36
   6054.682     1.725     2.12    1.43
   6432.301     2.468     1.97    0.98
   6809.826     2.739     0.72    0.56
   7187.257     2.165    -1.52    1.23
   7564.596     1.497    -1.77    1.40
   7941.841     1.241    -0.68    1.40
   8318.994     1.310     0.18    1.44
   8696.053     1.966     1.74    1.33
   9073.019     2.466     1.33    0.98
   9449.892     2.795     0.87    0.40
   9826.673     2.868     0.19    0.00
  10203.361     2.868     0.00    0.00
  10579.956     2.868     0.00    0.00
  10956.458     2.868     0.00    0.00
  11332.868     2.868     0.00    0.00
  11709.186     2.868     0.00    0.00
  12085.411     2.868     0.00    0.00
  12461.543     2.868     0.00    0.00
  12837.584     2.868     0.00    0.00
  13213.532     2.868     0.00    0.00
  13589.388     2.868     0.00    0.00
  13965.152     2.868     0.00    0.00
  14340.824     2.868     0.00    0.00
  14716.404     2.868     0.00    0.00
  15091.892     2.868     0.00    0.00
  15467.289     2.868     0.00    0.00
  15842.593     2.868     0.00    0.00
  16217.806     2.868     0.00    0.00
  16592.927     2.868     0.00    0.00
  16967.957     2.868     0.00    0.00
  17342.896     2.868     0.00    0.00
  17717.742     2.868     0.00    0.00
  18092.498     2.868     0.00    0.00
  18467.162     2.329    -1.44    1.37
  18841.735     1.507    -2.19    1.72
  19216.217     0.766    -1.98    1.63
  19590.608     0.042    -1.93    1.06
  19964.908    -0.196    -0.64    0.25
  20339.117    -0.132     0.17    0.00
  20713.235    -0.132     0.00    0.00
  21087.262    -0.132     0.00    0.00
  21461.198    -0.132     0.00    0.00
  21835.044    -0.132     0.00    0.00
  22208.799    -0.132     0.00    0.00
  22582.463    -0.132     0.00    0.00
  22956.037    -0.132     0.00    0.00
  23329.521    -0.132     0.00    0.00
  23702.914    -0.132     0.00    0.00
  24076.217    -0.132     0.00    0.00
  24449.430    -0.132     0.00    0.00
  24822.552    -0.132     0.00    0.00
  25195.585    -0.132     0.00    0.00
  25568.527    -0.132     0.00    0.00
  25941.379    -0.132     0.00    0.00
  26314.142    -0.132     0.00    0.00
  26686.815    -0.132     0.00    0.00
  27059.397    -0.132     0.00    0.00
  27431.891    -0.132     0.00    0.00
  27804.294    -0.132     0.00    0.00
  28176.608    -0.132     0.00    0.00
  28548.832    -0.132     0.00    0.00
  28920.967    -0.132     0.00    0.00
  29293.013    -0.132     0.00    0.00
  29664.969    -0.132     0.00    0.00
  30036.836    -0.132     0.00    0.00
  30408.614    -0.132     0.00    0.00
  30780.302    -0.069     0.17    0.25
  31151.902     0.386     1.22    1.06
  31523.412     1.139     2.03    1.46
  31894.834     1.914     2.09    1.40
  32266.166     2.654     1.99    0.75
  32637.410     2.868     0.58    0.00
  33008.565     2.868     0.00    0.00
  33379.631     3.070     0.54    0.40
  33750.609     3.299     0.62    0.50
  34121.498     3.575     0.75    0.46
  34492.299     3.777     0.54    0.29
  34863.011     3.868     0.25    0.00
  35233.635     3.868     0.00    0.00
  35604.170     3.868     0.00    0.00
  35974.617     3.868     0.00    0.00
  36344.976     3.868     0.00    0.00
  36715.247     3.868     0.00    0.00
  37085.430     3.868     0.00    0.00
  37455.525     3.990     0.33    0.33
  37825.532     4.257     0.72    0.51
  38195.451     4.722     1.26    1.17
  38565.282     5.587     2.34    2.36
  38935.025     6.408     2.22    3.10
  39304.681     7.397     2.67    3.60
  39674.249     8.041     1.74    3.72
  40043.729     8.887     2.29    3.75
  40413.122     8.942     0.15    3.17
  40782.428     8.868    -0.20    2.92
  41151.646     8.936     0.19    2.51
  41520.776     8.805    -0.36    2.04
  41889.820     8.449    -0.96    1.61
  42258.776     8.062    -1.05    0.86
  42627.645     7.831    -0.63    0.87
  42996.427     7.485    -0.94    0.88
  43365.122     7.129    -0.96    0.63
  43733.731     7.156     0.07    0.63
  44102.252     7.768     1.66    1.35
  44470.686     8.516     2.03    1.57
  44839.034     9.559     2.83    1.40
  45207.294    10.237     1.84    1.30
  45575.469    11.303     2.90    1.84
  45943.556    12.345     2.83    1.94
  46311.557    13.653     3.55    1.74
  46679.472    15.097     3.93    1.64
  47047.300    16.180     2.94    2.12
  47415.042    18.496     6.30    2.96
  47782.697    21.759     8.87    6.14
  48150.266    25.027     8.89    8.11
  48517.749    26.704     4.56    8.44
  48885.146    27.950     3.39    8.32
  49252.457    28.130     0.49    7.05
  49619.682    28.372     0.66    4.66
  49986.821    28.897     1.43    2.64
  50353.874    29.602     1.92    1.83
  50720.842    29.016    -1.60    2.69
  51087.723    27.158    -5.07    3.89
  51454.519    26.255    -2.46    3.36
  51821.229    25.333    -2.51    2.88
  52187.854    25.604     0.74    3.14
  52554.393    26.980     3.75    2.74
  52920.847    29.298     6.32    4.43
  53287.215    31.155     5.07    6.57
  53653.498    35.570    12.05    9.86
  54019.696    38.636     8.37   11.48
  54385.808    39.446     2.21   12.30
  54751.835    38.534    -2.49   11.80
  55117.777    36.634    -5.19   10.87
  55483.635    31.906   -12.92    8.72
  55849.407    29.422    -6.79    7.45
  56215.094    26.774    -7.24    7.58
  56580.696    24.242    -6.93    7.42
  56946.214    22.703    -4.21    6.20
  57311.647    21.688    -2.78    4.21
  57676.995    22.453     2.10    4.87
  58042.258    23.952     4.10    5.42
  58407.437    25.279     3.63    4.95
  58772.532    26.701     3.90    4.29
  59137.541    27.983     3.51    4.25
  59502.467    29.405     3.90    6.50
  59867.308    29.322    -0.23    7.18
  60232.065    27.155    -5.94    7.00
  60596.738    24.574    -7.08    4.25
  60961.326    23.377    -3.28    1.56
  61325.831    23.641     0.72    1.74
  61690.251    26.877     8.88    6.95
  62054.588    33.709    18.75   11.51
  62422.856    42.659    24.30   13.86
  62804.868    51.848    24.05   12.67
  63186.786    55.317     9.08   12.52
  63568.609    54.347    -2.54   14.43
  63950.337    51.363    -7.82   12.85
  64331.972    49.620    -4.57    8.85
  64713.513    51.143     3.99    9.56
  65094.959    55.081    10.32    8.99
  65476.312    55.877     2.09    8.48
  65857.570    53.111    -7.26    8.63
  66238.735    48.775   -11.37    4.79
  66619.806    47.132    -4.31    1.90
  67000.784    47.668     1.41    2.82
  67381.668    47.896     0.60    3.50
  67762.458    47.590    -0.80    3.38
  68143.154    46.729    -2.26    3.05
  68523.758    45.747    -2.58    3.71
  68904.268    46.238     1.29    4.17
  69284.684    47.363     2.96    4.38
  69665.008    48.923     4.10    3.62
  70045.238    47.606    -3.46    5.61
  70425.375    40.868   -17.72   10.42
  70805.419    32.898   -20.97   10.63
  71185.371    25.164   -20.35    8.21
  71565.229    20.245   -12.95    5.14
  71944.995    17.299    -7.76    4.81
  72324.667    15.056    -5.91    2.68
  72704.248    16.987     5.09    4.71
  73083.735    19.754     7.29    5.72
  73463.130    21.015     3.32    4.84
  73842.433    22.123     2.92    4.57
  74221.643    24.349     5.87    6.82
  74600.760    27.229     7.60    7.80
  74979.786    28.887     4.37    6.85
  75358.719    27.007    -4.96    8.45
  75737.560    23.028   -10.50    6.85
  76116.309    21.662    -3.61    5.01
  76494.966    23.239     4.16    5.11
  76873.531    27.275    10.66    5.28
  77252.004    30.358     8.15    5.07
  77630.386    32.516     5.70    4.52
  78008.675    35.649     8.28    4.10
  78386.873    35.214    -1.15    5.03
  78764.979    32.613    -6.88    6.63
  79142.994    30.045    -6.79    6.40
  79520.917    28.597    -3.83    4.48
  79898.749    30.503     5.05    4.86
  80276.490    33.118     6.92    4.72
  80654.139    36.420     8.74    5.71
  81031.697    40.583    11.03    6.34
  81409.164    44.334     9.94    6.02
  81786.539    47.701     8.92    5.67
  82163.824    50.272     6.81    5.38
  82541.018    53.609     8.85    4.97
  82918.120    57.145     9.38    4.51
  83295.132    60.849     9.83    4.90
  83672.054    64.198     8.88    4.30
  84048.884    65.111     2.42    3.73
  84425.624    64.073    -2.75    4.52
  84802.273    60.316    -9.97    6.06
  85178.832    57.167    -8.36    5.82
  85555.300    55.563    -4.26    5.75
  85931.678    55.391    -0.46    5.79
  86307.966    56.011     1.65    5.07
  86684.163    56.709     1.86    4.11
  87060.270    58.051     3.57    5.22
  87436.287    60.932     7.66    7.91
  87812.214    64.291     8.93    9.56
  88188.051    71.503    19.19   15.01
  88563.798    81.585    26.83   20.32
  88939.455    92.915    30.16   20.08
  89315.023   104.036    29.61   17.16
  89690.500   112.945    23.72   19.96
  90065.888   119.271    16.85   24.75
  90441.186   122.036     7.37   25.84
  90816.395   118.382    -9.74   25.41
  91191.514   107.809   -28.18   22.63
  91566.544    92.924   -39.69   17.98
  91941.484    83.030   -26.39   14.09
  92316.336    73.831   -24.54    9.87
  92691.098    69.312   -12.06    8.10
  93065.770    65.954    -8.96    6.60
  93440.354    63.423    -6.75    6.84
  93814.848    60.233    -8.52    6.50
  94189.254    61.004     2.06    7.43
  94563.571    65.603    12.29    9.29
  94937.798    76.111    28.08   15.09
  95311.937    89.185    34.94   17.16
  95685.988   110.821    57.84   27.23
  96059.949   140.260    78.72   41.33
  96433.822   183.519   115.70   54.07
  96807.606   224.312   109.13   53.72
  97181.302   260.743    97.48   36.01
  97554.910   271.572    28.98   23.64
  97928.429   269.295    -6.09   28.82
  98301.860   273.344    10.84   32.39
  98675.202   283.887    28.24   34.14
  99048.457   304.784    55.98   29.66
  99421.623   318.989    38.07   20.90
  99794.701   322.773    10.14   24.78
 100167.691   322.488    -0.76   32.13
 100540.594   327.195    12.62   44.70
 100913.408   340.710    36.25   54.48
 101286.135   356.162    41.45   59.37
 101658.774   371.475    41.09   46.88
 102031.325   372.868     3.74   31.69
 102403.788   352.578   -54.47   38.38
 102776.164   322.989   -79.45   47.76
 103148.453   284.676  -102.91   47.89
 103520.654   256.729   -75.08   46.66
 103892.767   234.115   -60.77   42.78
 104264.794   220.618   -36.28   45.35
 104636.733   209.392   -30.18   44.26
 105008.585   201.027   -22.50   47.43
 105380.349   192.349   -23.34   49.58
 105752.027   180.315   -32.37   49.55
 106123.618   171.179   -24.59   45.14
 106495.121   155.682   -41.71   31.61
 106866.538   147.840   -21.11   23.92
 107237.868   139.228   -23.19   19.73
 107609.111   131.594   -20.56   18.49
 107980.268   124.934   -17.94   17.41
 108351.338   118.113   -18.38   16.25
 108722.321   113.283   -13.02   15.92
 109093.217   107.577   -15.38   13.94
 109464.028   101.242   -17.08   11.06
 109834.751    95.123   -16.50    8.42
 110205.389    88.229   -18.60    8.31
 110575.940    83.047   -13.98    7.42
 110946.405    78.792   -11.48    5.58
 111316.783    75.943    -7.69    3.50
 111687.076    74.672    -3.43    3.30
 112057.283    74.952     0.76    3.69
 112427.403    75.664     1.92    4.36
 112797.438    76.712     2.83    3.87
 113167.386    79.039     6.29    4.27
 113537.249    82.223     8.61    4.42
 113907.026    85.148     7.91    4.36
 114276.718    87.711     6.93    2.65
 114646.324    89.073     3.69    2.38
 115015.844    90.000     2.51    2.22
 115385.278    89.979    -0.06    2.35
 115754.628    90.387     1.10    2.20
 116123.891    89.302    -2.94    2.96
 116493.070    87.630    -4.53    3.19
 116862.163    86.198    -3.88    3.17
 117231.171    85.644    -1.50    3.32
 117600.094    85.338    -0.83    3.67
 117968.931    84.083    -3.40    4.97
 118337.684    82.377    -4.62    5.55
 118706.351    79.811    -6.96    5.81
 119074.934    77.509    -6.24    5.78
 119443.432    75.674    -4.98    6.53
 119811.845    73.090    -7.01    6.28
 120180.173    71.397    -4.60    5.91
 120548.416    69.198    -5.97    5.28
 120916.575    67.925    -3.46    4.83
 121284.649    66.474    -3.94    4.48
 121652.639    66.255    -0.60    4.30
 122020.544    66.818     1.53    5.33
 122388.365    69.186     6.44    7.23
 122756.101    71.329     5.83    8.74
 123123.753    72.429     2.99    9.11
 123491.321    74.377     5.30    8.05
 123858.805    75.985     4.38    5.88
 124226.204    75.575    -1.12    5.46
 124593.520    72.575    -8.17    7.85
 124960.751    69.279    -8.97    7.44
 125327.899    66.170    -8.47    5.44
 125694.962    63.039    -8.53    4.33
 126061.942    60.516    -6.88    4.24
 126428.838    58.419    -5.72    2.72
 126795.650    58.242    -0.48    3.54
 127162.378    61.887     9.94    8.51
 127529.023    70.334    23.04   13.57
 127895.585    75.623    14.42   12.32
 128262.063    78.476     7.78    9.05
 128628.457    74.531   -10.76   10.81
 128994.768    70.323   -11.49    9.52
 129360.996    70.528     0.56   10.38
 129727.140    72.137     4.39    9.77
 130093.201    73.701     4.27    7.03
 130459.179    75.104     3.83    5.88
 130825.074    75.284     0.49    5.62
 131190.886    77.220     5.29    5.04
 131556.615    76.458    -2.08    5.08
 131922.260    72.810    -9.98    6.56
 132287.823    69.449    -9.19    5.80
 132653.304    66.980    -6.75    2.80
 133018.701    67.429     1.23    2.98
 133384.016    67.547     0.33    2.98
 133749.248    66.877    -1.83    2.54
 134114.397    66.045    -2.28    1.97
 134479.464    65.409    -1.74    1.30
 134844.448    66.288     2.41    2.36
 135209.350    68.499     6.06    4.11
 135574.170    72.434    10.79    5.51
 135938.907    76.696    11.69    5.45
 136303.562    80.074     9.26    4.68
 136668.134    81.728     4.54    4.06
 137032.625    82.142     1.14    3.28
 137412.666    81.585    -1.47    3.13
 137794.414    80.682    -2.37    2.55
 138176.069    79.277    -3.68    2.99
 138557.633    78.368    -2.38    3.94
 138939.105    76.973    -3.66    4.00
 139320.485    74.743    -5.85    3.04
 139701.774    72.104    -6.92    4.36
 140082.971    69.660    -6.41    5.80
 140464.076    66.396    -8.56    6.81
 140845.090    63.430    -7.78    7.18
 141226.012    60.829    -6.83    7.13
 141606.843    59.887    -2.47    7.80
 141987.583    61.868     5.20    9.18
 142368.231    64.125     5.93    9.41
 142748.789    63.983    -0.37   10.70
 143129.255    58.982   -13.14   13.59
 143509.630    51.295   -20.21   15.17
 143889.914    44.528   -17.79   13.92
 144270.107    38.838   -14.96   12.75
 144650.209    36.462    -6.25   12.78
 145030.221    35.878    -1.54   14.25
 145410.142    33.009    -7.55   12.45
 145789.972    31.664    -3.54   11.38
 146169.712    29.096    -6.76    8.38
 146549.361    27.807    -3.40    7.43
 146928.919    27.094    -1.88    7.03
 147308.387    27.620     1.39    6.66
 147687.765    27.896     0.73    6.20
 148067.053    28.013     0.31    5.72
 148446.250    29.981     5.19    6.09
 148825.357    34.070    10.78    8.96
 149204.374    41.877    20.60   11.34
 149583.301    48.344    17.06    9.82
 149962.138    53.483    13.57    5.77
 150340.885    52.780    -1.86    6.94
 150719.543    47.243   -14.62    9.69
 151098.110    41.154   -16.08   10.04
 151476.588    33.790   -19.45    7.10
 151854.976    29.594   -11.09    5.41
 152233.275    27.244    -6.21    4.50
 152611.484    28.211     2.56    5.85
 152989.604    29.786     4.17    6.23
 153367.634    32.258     6.54    5.36
 153745.575    35.000     7.25    5.01
 154123.426    36.439     3.81    6.03
 154501.189    36.204    -0.62    6.74
 154878.862    33.534    -7.07    8.34
 155256.446    30.026    -9.29    7.54
 155633.941    26.992    -8.04    4.29
 156011.347    28.377     3.67    6.45
 156388.665    32.464    10.83    9.19
 156765.893    35.311     7.55    8.92
 157143.033    38.435     8.28    7.23
 157520.084    42.506    10.80    7.15
 157897.046    46.165     9.71    8.03
 158273.920    49.368     8.50    8.04
 158650.705    51.949     6.85    4.75
 159027.401    49.424    -6.70    5.16
 159404.010    46.060    -8.93    5.29
 159780.530    46.047    -0.03    8.18
 160156.961    47.448     3.72   11.14
 160533.305    49.637     5.82   12.47
 160909.560    51.013     3.66   11.12
 161285.727    52.030     2.70    8.44
 161661.806    54.733     7.19    9.39
 162037.797    60.258    14.69   10.50
 162413.700    63.792     9.40   10.46
 162789.516    62.324    -3.91   12.50
 163165.243    57.512   -12.81   12.49
 163540.883    49.927   -20.19    8.33
 163916.435    45.717   -11.21    6.25
 164291.900    45.118    -1.60    7.19
 164667.276    47.123     5.34    9.30
 165042.566    49.115     5.31    9.85
 165417.768    53.512    11.72    9.25
 165792.883    58.159    12.39    8.61
 166167.910    61.506     8.92    9.81
 166542.850    63.601     5.59    8.38
 166917.703    62.916    -1.83    8.66
 167292.469    61.214    -4.54    8.31
 167667.147    62.683     3.92    8.85
 168041.739    63.706     2.73    9.01
 168416.244    63.517    -0.50   10.24
 168790.661    61.139    -6.35   10.26
 169164.992    57.511    -9.69    9.83
 169539.237    56.002    -4.03    8.63
 169913.394    58.013     5.37    8.75
 170287.465    60.477     6.59    9.03
 170661.449    60.887     1.10    8.46
 171035.347    59.373    -4.05    7.57
 171409.158    56.887    -6.65    6.00
 171782.883    56.086    -2.14    3.92
 172156.521    56.974     2.38    4.89
 172530.073    58.888     5.12    6.00
 172903.539    59.547     1.76    6.40
 173276.919    58.181    -3.66    6.02
 173650.212    56.226    -5.24    5.01
 174023.420    55.557    -1.79    4.43
 174396.541    58.334     7.44    6.48
 174769.577    60.534     5.90    6.57
 175142.527    60.858     0.87    6.06
 175515.390    59.051    -4.85    6.64
 175888.168    55.786    -8.76    4.30
 176260.861    55.528    -0.69    5.05
 176633.467    55.409    -0.32    7.90
 177005.988    53.811    -4.29    9.06
 177378.424    51.521    -6.15    8.00
 177750.774    49.079    -6.56    5.04
 178123.039    47.169    -5.13    5.26
 178495.218    44.868    -6.18    6.93
 178867.312    39.531   -14.34    9.42
 179239.321    32.288   -19.47    9.86
 179611.244    26.839   -14.65    8.04
 179983.083    23.623    -8.65    5.18
 180354.836    21.887    -4.67    2.89
 180726.504    21.541    -0.93    2.59
 181098.088    22.474     2.51    2.96
 181469.586    23.101     1.69    3.40
 181841.000    24.406     3.51    3.15
 182212.328    24.406     0.00    3.00
 182583.573    26.133     4.65    3.97
 182954.732    26.632     1.34    4.19
 183325.807    26.215    -1.12    4.73
 183696.797    26.354     0.37    4.60
 184067.703    24.260    -5.64    3.90
 184438.524    23.211    -2.83    2.72
 184809.261    24.256     2.82    3.09
 185179.914    25.966     4.61    3.66
 185550.482    27.377     3.81    3.78
 185920.966    27.982     1.63    3.95
 186291.366    27.148    -2.25    4.37
 186661.682    25.272    -5.07    3.96
 187031.913    23.087    -5.90    2.89
 187402.061    21.799    -3.48    2.29
 187772.125    21.182    -1.67    2.31
 188142.105    21.906     1.96    2.70
 188512.001    23.698     4.84    3.01
 188881.814    24.993     3.50    2.53
 189251.542    25.847     2.31    2.33
 189621.187    27.089     3.36    2.35
 189990.749    27.682     1.60    2.50
 190360.227    28.099     1.13    2.96
 190729.621    27.525    -1.55    3.32
 191098.932    26.052    -3.99    3.05
 191468.160    25.089    -2.61    2.55
 191837.304    25.034    -0.15    1.68
 192206.365    25.534     1.35    1.75
 192575.343    26.498     2.61    1.98
 192944.238    27.358     2.33    1.88
 193313.049    27.599     0.65    1.70
 193681.778    27.770     0.46    1.53
 194050.423    27.656    -0.31    1.52
 194418.986    27.222    -1.18    1.73
 194787.466    26.094    -3.06    2.49
 195155.863    24.909    -3.22    2.90
 195524.177    26.176     3.44    4.17
 195892.409    28.309     5.79    5.27
 196260.557    31.309     8.15    4.64
 196628.624    32.599     3.50    3.27
 196996.607    32.262    -0.92    3.32
 197364.509    31.211    -2.86    2.90
 197732.328    30.490    -1.96    2.26
 198100.064    29.149    -3.65    2.50
 198467.718    28.195    -2.60    2.21
 198835.290    27.378    -2.22    1.87
 199202.780    27.227    -0.41    1.56
 199570.187    26.970    -0.70    1.92
 199937.513    26.743    -0.62    2.00
 200304.756    26.868     0.34    2.14
 200671.917    27.584     1.95    2.43
 201038.997    28.485     2.46    2.02
 201405.994    29.703     3.32    2.38
 201772.910    32.020     6.32    3.54
 202139.744    33.511     4.06    3.37
 202506.496    33.039    -1.29    3.85
 202873.167    32.998    -0.11    3.70
 203239.756    32.432    -1.54    3.39
 203606.263    30.615    -4.96    3.68
 203972.689    31.613     2.72    4.73
 204339.033    33.285     4.56    5.35
 204705.296    34.796     4.13    4.69
 205071.478    35.502     1.93    3.80
 205437.578    34.680    -2.25    3.66
 205803.597    34.319    -0.99    3.01
 206169.535    34.043    -0.75    2.57
 206535.392    33.332    -1.94    2.63
 206901.168    32.033    -3.55    3.89
 207266.863    30.145    -5.16    3.89
 207632.477    29.579    -1.55    3.25
 207998.009    29.323    -0.70    3.44
 208363.461    30.018     1.90    4.23
 208728.833    32.531     6.88    6.19
 209094.123    34.827     6.28    7.51
 209459.333    36.742     5.24    6.26
 209824.462    37.427     1.88    3.83
 210189.510    37.957     1.45    3.68
 210554.478    37.338    -1.69    4.13
 210919.366    36.270    -2.93    3.93
 211284.173    36.382     0.31    4.56
 211648.900    37.258     2.40    6.17
 212023.336    39.081     4.87    6.98
 212404.913    40.046     2.53    6.33
 212786.401    38.676    -3.59    5.74
 213167.799    36.538    -5.60    5.37
 213549.108    33.054    -9.13    5.82
 213930.327    30.125    -7.68    6.18
 214311.457    27.033    -8.11    4.78
 214692.498    25.096    -5.08    1.60
 215073.449    24.868    -0.60    0.00
 215454.311    24.868     0.00    0.00
 215835.084    24.868     0.00    0.00
 216215.768    24.927     0.15    0.59
 216596.363    26.640     4.50    3.87
 216976.869    29.049     6.33    5.17
 217357.286    32.511     9.10    5.18
 217737.614    34.750     5.89    3.55
 218117.853    36.231     3.89    3.85
 218498.004    36.541     0.82    4.72
 218878.066    36.967     1.12    4.92
 219258.040    36.159    -2.13    5.10
 219637.925    35.066    -2.88    4.82
 220017.721    35.224     0.42    5.44
 220397.429    35.777     1.46    6.29
 220777.049    36.257     1.27    5.90
 221156.581    35.806    -1.19    4.48
 221536.024    35.138    -1.76    3.51
 221915.379    34.868    -0.71    2.42
