# NaN NaN NaN ;Mean Elev.(m), Avg Gradient(m/km), RMS Gradient(m/km) - SRTM1     
#   20.598  -0.924   8.887 ;Mean Elev.(m), Avg Gradient(m/km), RMS Gradient(m/km) - ASTER GDEM
#   32.482  -0.955   6.972 ;Mean Elev.(m), Avg Gradient(m/km), RMS Gradient(m/km) - GMTED2010 
  7 144.797899  67.819265    32.033    32.410  3 52470.45476439 21.324
  8 144.802069  67.819164    28.267    29.766  3 52505.45474662 26.684
  9 144.784323  67.819830    27.423    27.423  2 52540.45472979 52.767
 10 144.792291  67.818994    28.884    29.669  3 52575.45477550 30.518
 11 144.804570  67.818516    25.112    25.112  2 52610.45473614 34.318
 12 144.791024  67.819433    31.530    31.514  3 52645.45472588 24.228
 13 144.817497  67.815107    31.579    31.348  5 52680.45469944 21.273
 15 144.798881  67.819087    32.385    32.333  3 52750.45477662 18.877
 18 144.792109  67.819299    28.112    28.092  3 52855.45484269 44.312
 19 144.792339  67.819093    27.479    27.469  3 52890.45487548 45.621
 20 144.816612  67.815016    25.522    25.486  4 52925.45482723 41.001
 21 144.791704  67.819276    25.196    25.211  3 52960.45479613 29.487
 22 144.793402  67.819480    27.716    27.716  2 52995.45483193 25.024
 23 144.818311  67.814710    32.205    32.354  5 53030.45479360 20.181
 24 144.798285  67.818857    32.841    32.841  2 53065.45480203 19.808
 25 144.812343  67.815828    32.532    32.770  4 53100.45480552 18.538
 28 144.797354  67.818842    32.263    32.113  3 53205.45487052 22.016
 29 144.817108  67.815000    27.173    27.178  5 53240.45483720 40.844
 31 144.790050  67.819625    31.289    31.665  3 53310.45485223 26.075
 32 144.805016  67.818650    32.464    32.824  3 53345.45481767 23.175
 34 144.806035  67.818465    32.804    32.873  3 53415.45479504 23.600
 36 144.784074  67.819901    32.185    32.185  2 53485.45487602 18.003
 37 144.802996  67.818414    27.619    27.619  2 53520.45487027 52.037
 39 144.820844  67.814725    30.299    30.359  4 53590.45483459 42.407
 41 144.789471  67.818505    25.760    25.795  3 53660.45484481 43.273
 42 144.806874  67.818436    28.860    28.860  2 53695.45481694 24.991
 43 144.824901  67.814061    30.629    30.499  4 53730.45473849 19.184
 45 144.821025  67.813918    31.427    31.133  4 53800.45471066 17.331
 47 144.791205  67.819718    24.650    24.650  2 53870.45477481 35.779
 48 144.792680  67.819192    27.518    27.395  3 53905.45481050 38.861
 49 144.787317  67.819010    27.934    27.934  2 53940.45484241 46.901
 50 144.811697  67.815910    31.683    31.672  3 53975.45479860 36.296
 52 144.799331  67.819006    32.413    32.413  2 54045.45481426 18.125
 53 144.807064  67.818526    32.420    32.553  3 54080.45480712 17.460
 54 144.823793  67.813925    30.713    30.224  5 54115.45474035 17.280
 56 144.820837  67.814659    32.164    32.208  5 54185.45473184 14.555
 57 144.789771  67.818887    32.352    32.352  2 54220.45476579 12.586
 58 144.797597  67.819491    32.811    33.203  3 54255.45478937 21.684
 59 144.801460  67.819054    30.235    30.235  2 54290.45479127 31.160
 60 144.804962  67.817632    32.185    33.255  3 54325.45478852 23.878
 61 144.823082  67.814801    27.726    27.729  4 54360.45474052 52.399
 62 144.795412  67.820008    28.979    30.426  3 54395.45472917 32.368
 63 144.815752  67.815283    30.916    30.465  5 54430.45469083 21.561
 64 144.792994  67.818757    31.411    31.456  3 54465.45470913 15.390
 65 144.810980  67.816172    31.773    32.306  3 54500.45470330 14.802
 66 144.801215  67.818517    31.920    32.479  3 54535.45472360 13.290
 67 144.820147  67.814140    30.934    31.107  5 54570.45470559 13.794
 68 144.796320  67.818990    27.100    27.100  2 54605.45471806 51.015
 69 144.802352  67.818675    32.854    32.854  2 54640.45472750 20.737
 70 144.798336  67.819261    28.023    28.023  2 54675.45473006 28.645
 71 144.819164  67.814962    28.404    28.349  5 54710.45468502 37.582
 72 144.794640  67.819236    27.299    27.299  2 54745.45469744 29.745
 73 144.805021  67.818948    29.396    29.084  3 54780.45467033 28.270
 74 144.791651  67.819819    31.072    31.220  3 54815.45469085 23.306
 75 144.808336  67.818200    30.504    31.142  3 54850.45466870 22.541
 76 144.794554  67.819058    31.167    31.117  3 54885.45469439 19.118
 77 144.822224  67.813427    30.195    30.417  5 54920.45466894 18.588
 78 144.791765  67.819419    30.510    30.510  2 54955.45469015  6.286
 79 144.794460  67.819483    33.096    32.914  3 54990.45471353 20.674
 80 144.806894  67.817878    28.239    28.239  2 55025.45470405 31.241
 81 144.802366  67.818030    28.850    28.901  3 55060.45469819 30.328
 82 144.822004  67.814390    27.775    26.887  5 55095.45464816 34.662
 83 144.796999  67.818122    26.885    25.730  3 55130.45464032 35.265
 84 144.806658  67.818546    32.422    32.422  2 55165.45461121 15.507
 85 144.793391  67.819350    31.863    32.329  3 55200.45463261 14.792
 86 144.813989  67.815592    31.620    31.360  5 55235.45461627 14.978
 87 144.799757  67.818305    32.615    32.615  2 55270.45462667 13.887
 88 144.821738  67.815089    31.627    31.699  5 55305.45459728 14.339
 89 144.799891  67.818766    30.100    30.105  3 55340.45459814 53.531
 90 144.805405  67.819022    31.602    31.584  3 55375.45459036 46.820
 91 144.796765  67.818510    27.929    27.753  3 55410.45461284 35.959
 92 144.804444  67.817844    33.270    33.270  2 55445.45460640 18.231
 93 144.827076  67.814096    25.833    25.806  5 55480.45453931 43.427
