# NaN NaN NaN ;Mean Elev.(m), Avg Gradient(m/km), RMS Gradient(m/km) - SRTM1     
#  -11.816  -6.882  23.918 ;Mean Elev.(m), Avg Gradient(m/km), RMS Gradient(m/km) - ASTER GDEM
#    3.867  -7.309  20.600 ;Mean Elev.(m), Avg Gradient(m/km), RMS Gradient(m/km) - GMTED2010 
 10     4.356 52576.43343155 26.22 148.750881  70.676373 12.983
 10     2.737 52576.43343220 30.50 148.746171  70.679343 12.983
 11     6.792 52611.43339505 12.56 148.754625  70.682805  6.045
 11     7.318 52611.43339570 12.24 148.749915  70.685775  6.045
 11     6.900 52611.43339634 13.36 148.745205  70.688735  6.045
 11     6.490 52611.43339699 13.62 148.740495  70.691695  6.045
 12     6.850 52646.43338068  8.42 148.751212  70.676256  5.461
 12     7.156 52646.43338132  8.60 148.746512  70.679216  5.461
 13     6.031 52681.43335480  6.10 148.751679  70.691158  2.384
 13     5.275 52681.43335544  9.33 148.746969  70.694118  2.384
 13     4.621 52681.43335609 10.57 148.742259  70.697088  2.384
 13     4.944 52681.43335673 10.65 148.737539  70.700048  2.384
 15     7.305 52751.43343480  3.25 148.751013  70.682226  2.910
 15     4.999 52751.43343544  6.93 148.746313  70.685196  2.910
 15     4.720 52751.43343608  7.44 148.741603  70.688156  2.910
 18     6.547 52856.43349868 18.44 148.751958  70.675260 13.419
 18     7.113 52856.43349932 18.59 148.747248  70.678230 13.419
 19    46.108 52891.43353142 17.61 148.751844  70.676778 10.231
 19    54.178 52891.43353206 11.30 148.747134  70.679748 10.231
 20     4.601 52926.43348573 25.90 148.756057  70.688283 17.340
 20     5.426 52926.43348638 26.71 148.751347  70.691243 17.340
 20     4.170 52926.43348702 28.42 148.746637  70.694213 17.340
 20     4.601 52926.43348767 28.06 148.741927  70.697173 17.340
 20     5.265 52926.43348831 27.49 148.737217  70.700133 17.340
 23     5.542 53031.43345448 10.08 148.759176  70.686105  5.759
 23     6.163 53031.43345513 10.77 148.754466  70.689065  5.759
 23     4.963 53031.43345577 11.59 148.749756  70.692035  5.759
 23     6.010 53031.43345642 10.74 148.745046  70.694995  5.759
 23     5.997 53031.43345706 11.87 148.740336  70.697955  5.759
 23     6.351 53031.43345771 11.60 148.735616  70.700925  5.759
 28     7.077 53206.43352802 25.97 148.754310  70.678502 20.997
 28     6.905 53206.43352866 26.73 148.749600  70.681462 20.997
 28     6.450 53206.43352931 27.36 148.744890  70.684432 20.997
 29     5.770 53241.43349675 25.94 148.758483  70.684995 15.299
 29     6.257 53241.43349740 23.32 148.753773  70.687965 15.299
 29     5.942 53241.43349804 24.41 148.749063  70.690925 15.299
 29     6.253 53241.43349869 22.27 148.744353  70.693885 15.299
 29     5.262 53241.43349933 22.63 148.739633  70.696855 15.299
 31     5.646 53311.43350611 17.70 148.752577  70.675285  8.981
 31     5.727 53311.43350675 17.91 148.747877  70.678245  8.981
 32    11.186 53346.43347334  2.31 148.754069  70.683317  2.819
 32     5.188 53346.43347398 10.59 148.749359  70.686287  2.819
 32     3.975 53346.43347463 13.58 148.744649  70.689247  2.819
 32     4.782 53346.43347527 14.59 148.739939  70.692207  2.819
 34     6.458 53416.43345271  6.91 148.745311  70.689283  2.798
 34     5.062 53416.43345335 11.25 148.740591  70.692243  2.798
 38     6.189 53556.43355071 22.06 148.751343  70.677481 11.025
 38     6.457 53556.43355135 22.54 148.746633  70.680451 11.025
 42     6.720 53696.43347232 13.47 148.755217  70.684304  6.219
 42     8.831 53696.43347297 14.24 148.750507  70.687274  6.219
 42     8.844 53696.43347361 14.26 148.745797  70.690234  6.219
 42     8.197 53696.43347426 14.73 148.741087  70.693194  6.219
 44     6.547 53766.43336594  8.15 148.752897  70.677804  4.193
 44     7.541 53766.43336658  8.16 148.748187  70.680774  4.193
 44     8.588 53766.43336723  8.46 148.743477  70.683734  4.193
 45     5.450 53801.43336969  7.15 148.757049  70.688758  4.546
 45     5.644 53801.43337034  6.55 148.752339  70.691728  4.546
 45     7.246 53801.43337098  6.76 148.747629  70.694688  4.546
 45     6.555 53801.43337163  7.18 148.742909  70.697648  4.546
 45     6.659 53801.43337227  7.83 148.738199  70.700608  4.546
 45     6.755 53801.43337292  7.64 148.733480  70.703580  3.982
 47     6.021 53871.43343124 10.33 148.749861  70.677663  7.304
 47     5.630 53871.43343188 10.74 148.745151  70.680633  7.304
 50     6.555 53976.43345541 21.31 148.754656  70.686509  6.970
 50     7.306 53976.43345605 18.56 148.749946  70.689469  6.970
 50     8.403 53976.43345670 18.93 148.745236  70.692429  6.970
 50     8.956 53976.43345734 18.69 148.740526  70.695399  6.970
 54     5.597 54116.43339788  7.17 148.759528  70.690137  5.342
 54     6.213 54116.43339853  7.48 148.754818  70.693107  5.342
 54     4.882 54116.43339917  9.00 148.750108  70.696067  5.342
 54     5.593 54116.43339981  8.03 148.745398  70.699027  5.342
 54     5.737 54116.43340046  8.27 148.740688  70.701997  5.342
 54     5.544 54116.43340110  8.73 148.735963  70.704955  3.494
 54     5.465 54116.43340175  9.05 148.731253  70.707925  3.494
 58    45.088 54256.43344681 14.11 148.750924  70.681143  6.806
 58     8.725 54256.43344810 24.39 148.741504  70.687073  6.806
 59     4.575 54291.43344835 33.50 148.753783  70.680451 13.069
 59     5.671 54291.43344899 25.44 148.749083  70.683411 13.069
 59     5.240 54291.43344964 28.06 148.744363  70.686381 13.069
 60    48.756 54326.43344582 10.94 148.756113  70.681849  7.819
 60     6.194 54326.43344711 27.48 148.746693  70.687779  7.819
 60     5.720 54326.43344775 33.89 148.741983  70.690739  7.819
 63     5.904 54431.43334766 14.28 148.758601  70.686269  7.029
 63     6.357 54431.43334831 14.98 148.753891  70.689229  7.029
 63     5.924 54431.43334895 15.12 148.749181  70.692199  7.029
 63     6.330 54431.43334960 14.67 148.744471  70.695159  7.029
 63     6.457 54431.43335024 15.72 148.739761  70.698119  7.029
 63     6.300 54431.43335089 15.92 148.735041  70.701089  7.029
 65     6.107 54501.43336120  7.13 148.754892  70.685438  5.197
 65     6.331 54501.43336184  7.49 148.750182  70.688398  5.197
 65     6.403 54501.43336248  7.68 148.745472  70.691368  5.197
 65     6.377 54501.43336313  8.18 148.740762  70.694328  5.197
 66     7.880 54536.43338199  4.29 148.751132  70.682771  3.316
 66     5.550 54536.43338264  7.92 148.746422  70.685731  3.316
 66     5.755 54536.43338328  8.96 148.741712  70.688701  3.316
 67     5.728 54571.43336368  5.33 148.758788  70.687403  4.144
 67     6.385 54571.43336432  6.17 148.754078  70.690373  4.144
 67     6.177 54571.43336497  5.95 148.749368  70.693333  4.144
 69     7.591 54641.43338453 18.58 148.755958  70.680549  5.549
 69     8.046 54641.43338517 19.96 148.751248  70.683519  5.549
 69     8.300 54641.43338582 20.75 148.746538  70.686479  5.549
 71     4.685 54711.43334305 25.55 148.759073  70.688214 13.188
 71     4.742 54711.43334370 25.77 148.754363  70.691184 13.188
 71     4.681 54711.43334434 26.58 148.749653  70.694144 13.188
 71     4.909 54711.43334498 27.42 148.744933  70.697114 13.188
 71     4.629 54711.43334563 28.08 148.740223  70.700074 13.188
 71     4.811 54711.43334627 28.99 148.735503  70.703034 13.188
 72     6.035 54746.43335396 20.70 148.753237  70.676453  7.567
 72     7.177 54746.43335460 21.76 148.748527  70.679413  7.567
 72     6.798 54746.43335525 22.23 148.743817  70.682383  7.567
 73     5.939 54781.43332721 18.88 148.756841  70.681887  9.233
 73     5.806 54781.43332786 19.13 148.752131  70.684857  9.233
 73     6.568 54781.43332850 19.22 148.747421  70.687817  9.233
 73     6.016 54781.43332915 20.21 148.742711  70.690777  9.233
 74     7.593 54816.43334740 13.73 148.749191  70.678060  6.230
 74     7.373 54816.43334804 14.76 148.744481  70.681030  6.230
 75     6.353 54851.43332712 10.54 148.745513  70.690728  2.909
 75     4.763 54851.43332777 14.63 148.740803  70.693688  2.909
 76     7.420 54886.43335117  7.99 148.753211  70.677257  3.230
 76     5.749 54886.43335182 11.42 148.748511  70.680227  3.230
 76     6.001 54886.43335246 12.31 148.743801  70.683187  3.230
 77     5.887 54921.43332748  8.17 148.759006  70.689202  3.390
 77     4.742 54921.43332813  8.35 148.754296  70.692172  3.390
 77     5.421 54921.43332877  9.09 148.749586  70.695132  3.390
 77     5.284 54921.43332942  8.80 148.744876  70.698092  3.390
 77     5.090 54921.43333006  9.04 148.740166  70.701062  3.390
 77     5.138 54921.43333071  9.25 148.735446  70.704022  3.390
 78     5.246 54956.43334716 29.15 148.750550  70.676185 11.262
 78     2.526 54956.43334780 28.35 148.745840  70.679155 11.262
 79    74.437 54991.43337039  6.64 148.753704  70.677383  2.597
 79    72.627 54991.43337104  6.30 148.749004  70.680353  2.597
 79    70.689 54991.43337168  6.08 148.744294  70.683313  2.597
 80     5.192 55026.43336200 32.13 148.756281  70.682406 14.548
 80     6.071 55026.43336265 22.56 148.751571  70.685366 14.548
 80     6.441 55026.43336329 23.12 148.746861  70.688326 14.548
 80     7.068 55026.43336394 23.69 148.742151  70.691296 14.548
 81     5.284 55061.43335539 29.87 148.752340  70.681929 12.132
 81     5.245 55061.43335603 26.85 148.747630  70.684899 12.132
 81     6.463 55061.43335668 22.80 148.742920  70.687859 12.132
 82     4.245 55096.43330624 28.58 148.757833  70.690717 15.120
 82     5.247 55096.43330689 25.18 148.753123  70.693687 15.120
 82     5.368 55096.43330753 22.07 148.748403  70.696647 15.120
 82     6.141 55096.43330818 20.53 148.743693  70.699617 15.120
 82     6.226 55096.43330882 20.66 148.738983  70.702577 15.120
 82     5.904 55096.43330947 23.36 148.734263  70.705537 15.120
 83     3.952 55131.43329731 20.21 148.751845  70.677943  5.193
 83     3.693 55131.43329796 22.74 148.747135  70.680913  5.193
 84     5.479 55166.43326733  9.88 148.755094  70.684522  6.489
 84     5.776 55166.43326798 10.14 148.750384  70.687482  6.489
 84     5.668 55166.43326862 10.74 148.745674  70.690452  6.489
 84     6.645 55166.43326926 10.45 148.740964  70.693412  6.489
 85     4.681 55201.43328942  7.00 148.751357  70.677442  5.729
 85     4.806 55201.43329006  7.50 148.746647  70.680412  5.729
 86     5.894 55236.43327378  6.69 148.758111  70.684904  5.065
 86     5.972 55236.43327442  6.44 148.753401  70.687874  5.065
 86     5.944 55236.43327507  6.74 148.748691  70.690834  5.065
 86     6.397 55236.43327571  7.19 148.743981  70.693794  5.065
 86     5.780 55236.43327636  7.96 148.739271  70.696764  5.065
 87     5.153 55271.43328435  6.28 148.752030  70.681169  4.237
 87     5.804 55271.43328500  6.18 148.747320  70.684129  4.237
 87     6.410 55271.43328564  6.50 148.742610  70.687089  4.237
 88     4.862 55306.43325612  4.68 148.761094  70.688171  4.734
 88     4.185 55306.43325676  4.93 148.756384  70.691131  4.734
 88     4.825 55306.43325741  5.43 148.751674  70.694101  4.734
 88     4.944 55306.43325805  5.81 148.746954  70.697061  4.734
 88     4.252 55306.43325870  6.13 148.742244  70.700021  4.734
 88     5.377 55306.43325934  5.78 148.737534  70.702991  4.734
 88     4.438 55306.43325999  6.23 148.732819  70.705957  3.355
 89    61.855 55341.43325512  6.38 148.749732  70.682297  7.163
 89    64.339 55341.43325576  4.42 148.745022  70.685267  7.163
 91    16.944 55411.43327059 21.01 148.750483  70.678807  9.659
 91     7.857 55411.43327123 21.08 148.745773  70.681767  9.659
 93     5.783 55481.43319678 26.97 148.762169  70.691012 10.418
 93     5.895 55481.43319743 27.62 148.757459  70.693972 10.418
 93     6.111 55481.43319807 30.03 148.752749  70.696942 10.418
 93     6.399 55481.43319872 30.98 148.748039  70.699902 10.418
 93     6.758 55481.43319936 33.25 148.743329  70.702862 10.418
 93     6.132 55481.43320001 32.32 148.738609  70.705832 10.418
 93     5.607 55481.43320065 32.51 148.733899  70.708792 10.418
 93     5.225 55481.43320130 30.42 148.729179  70.711752 10.418
